Loading MED Embedding ......
Done.16545452 words loaded!

1 epoch begins...

2 epoch begins...

3 epoch begins...

4 epoch begins...

5 epoch begins...

6 epoch begins...

7 epoch begins...

8 epoch begins...

9 epoch begins...

10 epoch begins...

11 epoch begins...

12 epoch begins...

13 epoch begins...

14 epoch begins...

15 epoch begins...

16 epoch begins...

17 epoch begins...

18 epoch begins...

19 epoch begins...

20 epoch begins...
2019-04-30 07:11:55.650215 Train Epoch20: Classification Loss: 58.7574; Producing Loss: 292.5838
20 epoch ends 


21 epoch begins...

22 epoch begins...

23 epoch begins...

24 epoch begins...

25 epoch begins...

26 epoch begins...

27 epoch begins...

28 epoch begins...

29 epoch begins...

30 epoch begins...

31 epoch begins...

32 epoch begins...

33 epoch begins...

34 epoch begins...

35 epoch begins...

36 epoch begins...

37 epoch begins...

38 epoch begins...

39 epoch begins...

40 epoch begins...
2019-04-30 08:10:03.539641 Train Epoch40: Classification Loss: 50.1679; Producing Loss: 190.6974
40 epoch ends 


41 epoch begins...

42 epoch begins...

43 epoch begins...

44 epoch begins...

45 epoch begins...

46 epoch begins...

47 epoch begins...

48 epoch begins...

49 epoch begins...

50 epoch begins...

51 epoch begins...

52 epoch begins...

53 epoch begins...

54 epoch begins...

55 epoch begins...

56 epoch begins...

57 epoch begins...

58 epoch begins...

59 epoch begins...

60 epoch begins...
2019-04-30 09:08:19.574714 Train Epoch60: Classification Loss: 42.7270; Producing Loss: 129.3335
60 epoch ends 


61 epoch begins...

62 epoch begins...

63 epoch begins...

64 epoch begins...

65 epoch begins...

66 epoch begins...

67 epoch begins...

68 epoch begins...

69 epoch begins...

70 epoch begins...

71 epoch begins...

72 epoch begins...

73 epoch begins...

74 epoch begins...

75 epoch begins...

76 epoch begins...

77 epoch begins...

78 epoch begins...

79 epoch begins...

80 epoch begins...
2019-04-30 10:06:33.229339 Train Epoch80: Classification Loss: 38.0014; Producing Loss: 104.7262
80 epoch ends 


81 epoch begins...

82 epoch begins...

83 epoch begins...

84 epoch begins...

85 epoch begins...

86 epoch begins...

87 epoch begins...

88 epoch begins...

89 epoch begins...

90 epoch begins...

91 epoch begins...

92 epoch begins...

93 epoch begins...

94 epoch begins...

95 epoch begins...

96 epoch begins...

97 epoch begins...

98 epoch begins...

99 epoch begins...

100 epoch begins...
2019-04-30 11:04:39.063341 Train Epoch100: Classification Loss: 35.9131; Producing Loss: 87.9119
100 epoch ends 

Validation starts ...
saved to /home/leishi/vqa2019/results/predictions_100epoch.txt

confusion matrix
[[ 20   0   0   4   0   0   0   0   0   0   0   0   0   0   0   0   0   0
    0   0   0   2   0   0   0   0   0   0   0   0   0   0   0   0   0   0
    0   0   0   0   0   0   0   0   0   0   0   2   1   0   0   0   0   0
    0   0   0   0   0   0   0   0   0   0   1   0   0   0]
 [  0   4   0   0   0   0   0   0   0   0   0   0   0   0   0   0   0   0
    0   0   0   0   0   0   0   0   0   0   0   0   0   0   0   0   0   0
    0   0   0   0   0   0   0   0   0   0   0   0   0   0   0   0   0   0
    0   0   0   0   0   0   0   0   0   0   0   1   0   0]
 [  0   0   7   0   0   0   0   0   0   0   0   0   0   0   0   0   0   0
    0   0   0   0   0   0   1   0   0   0   0   0   0   0   0   0   0   0
    0   0   0   0   0   0   0   0   0   0   0   0   0   0   0   0   0   0
    0   0   0   0   0   0   0   0   0   0   0   0   0   0]
 [  0   0   0  28   0   0   0   0   0   0   0   0   0   0   0   0   1   0
    0   0   0   1   0   0   0   0   0   0   0   0   0   0   0   0   0   0
    0   0   0   0   0   0   0   0   0   0   0   2   1   0   0   0   0   0
    0   0   0   0   0   1   0   0   0   0   0   0   0   0]
 [  0   0   0   0  17   0   0   0   0   0   0   0   0   0   0   0   0   0
    0   0   0   0   0   0   0   0   0   0   0   0   0   0   0   0   0   0
    0   0   0   0   0   0   0   0   0   0   0   0   0   0   0   0   0   0
    0   0   0   0   0   0   0   0   0   0   0   0   0   0]
 [  0   0   0   0   0   0   0   0   0   0   0   0   0   0   0   0   0   0
    0   0   0   0   0   0   0   0   0   0   0   0   0   0   0   0   0   0
    0   0   0   0   0   0   0   0   0   0   0   0   0   0   0   0   0   0
    0   0   0   0   0   0   0   0   0   0   0   0   0   0]
 [  0   0   0   0   0   0  65   6   0   0   0   0   0   0   0   0   0   0
    0   0   0   0   0   0   0   0   0   0   0   0   0   0   0   0   0   0
    0   0   0   0   0   0   0   0   0   0   0   0   0   0   0   0   1   0
    1   0   0   0   0   0   0   0   3   0   0   0   0   0]
 [  0   0   0   0   0   0   3  38   0   7   0   0   0   0   0   0   0   0
    0   0   0   0   0   0   0   4   0   0   0   0   0   0   0   0   0   0
    0   1   0   0   0   0   0   0   0   0   0   0   0   0   0   0   0   0
    2   0   0   0   0   0   0   3   1   0   0   0   0   0]
 [  0   0   0   0   0   0   0   0   1   0   0   0   0   0   0   0   0   0
    0   0   0   0   0   0   0   0   0   0   0   0   0   0   0   0   0   0
    0   0   0   0   0   0   0   0   0   0   0   0   0   0   0   0   0   0
    0   0   0   0   0   0   0   0   0   0   0   0   0   0]
 [  0   0   0   0   0   0   0  11   0  16   0   0   0   0   0   0   0   0
    0   0   0   0   0   0   0   0   0   0   0   0   0   0   0   0   1   0
    0   1   0   0   0   0   0   0   0   0   0   0   0   0   0   0   0   0
    1   0   0   0   0   0   0   0   0   0   0   0   0   0]
 [  0   0   0   1   0   0   0   0   0   0   0   0   1   0   0   0   0   0
    0   0   0   0   0   0   0   0   0   0   0   0   0   0   0   0   0   0
    0   0   0   0   0   0   0   0   0   0   0   0   0   0   0   0   0   0
    0   0   0   0   0   0   0   0   0   0   1   0   0   0]
 [  0   0   0   0   0   0   0   0   0   0   0   0   0   0   0   0   0   0
    0   0   0   0   0   0   0   0   0   0   0   0   0   0   0   0   0   0
    0   0   0   0   0   0   0   0   0   0   0   0   0   0   0   0   0   0
    0   0   0   0   0   0   0   0   0   0   0   0   0   0]
 [  0   0   0   0   0   0   0   0   0   0   2   0   2   0   0   0   0   0
    0   0   0   0   0   0   0   0   0   0   0   0   0   0   0   0   0   0
    0   0   0   0   0   0   0   0   0   0   0   0   0   0   0   0   0   0
    0   0   0   0   0   2   0   0   0   0   1   0   0   0]
 [  0   0   0   0   0   0   0   0   0   0   0   0   0   3   0   0   0   0
    0   0   0   0   0   0   0   0   0   0   1   0   0   0   0   0   0   0
    0   0   0   0   0   0   0   0   0   0   0   0   0   0   0   0   0   0
    0   0   0   0   0   0   0   0   0   0   0   0   0   0]
 [  0   1   0   0   0   0   0   0   0   0   0   0   0   0   0   0   0   0
    0   0   0   0   0   0   0   0   0   0   0   0   0   0   0   0   0   0
    0   0   0   0   0   0   0   0   0   0   0   0   0   0   0   0   0   0
    0   0   0   0   0   0   0   0   0   1   0   0   0   0]
 [  0   0   0   0   0   0   0   0   0   0   0   0   0   0   0   0   0   0
    0   0   0   0   0   0   0   0   0   0   0   0   0   0   0   0   0   0
    0   0   0   0   0   0   0   0   0   0   0   0   0   0   0   0   0   0
    0   0   0   0   0   0   0   0   0   0   0   0   0   0]
 [  4   0   0   2   0   0   0   0   0   0   0   0   0   0   0   0   3   0
    0   0   0   0   0   0   0   0   0   0   0   0   0   0   0   0   0   0
    0   0   0   0   0   0   0   0   0   0   0   0   1   0   0   0   0   0
    0   0   0   0   0   1   0   0   0   0   0   0   0   0]
 [  0   0   0   0   1   0   0   0   0   0   0   0   0   0   0   0   0   4
    0   0   0   0   0   0   0   0   0   0   0   0   0   0   0   0   0   0
    0   0   0   0   0   0   0   0   0   0   0   0   0   0   0   0   0   0
    0   0   0   0   0   0   0   0   0   0   0   0   0   0]
 [  0   0   0   0   0   0   0   0   0   0   0   0   0   0   0   0   0   0
    0   0   0   0   0   0   0   0   0   0   0   0   0   0   0   0   0   0
    0   0   0   0   0   0   0   0   0   0   0   0   0   0   0   0   0   0
    0   1   0   0   0   0   0   0   0   0   0   0   0   0]
 [  0   0   0   0   0   0   1   0   1   0   0   0   0   0   0   0   2   0
    0  52   0   0   0   0   1   0   0   0   0   0   0   1   0   0   0   0
    0   0   0   1   0   1   0   0   0   1   0   0   0   0  17   0   0   0
    0   0   0   0   1   0   1   0   0   0   0   0   0   0]
 [  0   0   0   0   0   0   0   0   0   0   0   0   0   0   0   0   0   0
    0   0  14   0   2   0   0   0   0   0   0   0   0   0   0   0   0   0
    0   0   0   0   0   0   0   0   0   0   0   0   0   0   0   0   0   0
    0   0   0   0   0   0   0   0   0   0   0   0   0   0]
 [  0   0   0   5   0   0   0   0   0   0   0   0   0   0   0   0   1   0
    0   0   0  11   0   0   0   0   0   0   0   0   0   0   0   0   0   0
    0   0   0   0   0   0   0   0   0   0   0   3   0   0   0   0   0   0
    0   0   0   0   0   0   0   0   0   0   0   0   0   0]
 [  0   0   0   0   0   0   0   0   0   0   0   0   0   0   0   0   0   0
    0   0   7   0   9   0   0   0   0   0   0   0   0   0   0   0   0   0
    0   0   0   0   0   0   0   0   0   0   0   0   0   0   0   0   0   0
    0   0   0   0   0   0   0   0   0   0   0   0   0   0]
 [  0   0   0   0   0   0   0   0   0   0   0   0   0   0   0   0   0   0
    0   0   0   0   0   0   0   0   0   0   0   0   0   0   0   0   0   0
    0   0   0   0   0   0   0   0   0   0   0   0   0   0   0   0   0   0
    0   0   0   0   0   0   0   0   0   0   0   0   0   0]
 [  0   0   1   0   0   0   0   0   0   0   0   0   0   1   0   0   0   0
    0   0   0   0   0   0  82   0   0   0   0   0   0   0   0   0   0   1
    0   0   0   0   0   1   0   0   0   0   0   0   0   0   0   0   0   0
    0   0   0   0   0   0   0   0   0   0   0   0   0   0]
 [  0   0   0   0   0   0   0   4   0   0   0   0   0   0   0   0   0   0
    0   0   0   0   0   0   0  19   0   0   0   0   0   0   0   0   1   0
    0   7   0   0   0   0   0   0   0   0   0   0   0   0   0   0   0   0
    1   0   0   0   0   0   0   0   1   0   0   0   0   0]
 [  0   0   0   0   0   0   0   0   0   0   0   0   0   0   0   0   0   0
    0   0   0   0   0   0   0   0   0   0   0   0   0   0   0   0   0   0
    0   0   0   0   0   0   0   0   0   0   1   0   0   0   0   0   0   0
    0   0   0   0   0   0   0   0   0   0   0   0   0   0]
 [  0   0   0   0   0   0   0   0   0   0   0   0   0   0   0   0   0   0
    0   0   0   0   0   0   0   0   0   0   0   0   0   0   0   0   0   0
    0   0   0   0   0   0   0   0   0   0   0   0   0   0   0   0   0   0
    0   0   0   0   0   0   0   0   0   0   0   0   0   0]
 [  0   0   0   0   0   0   0   0   0   0   0   0   0   2   0   0   0   0
    0   0   0   0   0   0   1   0   0   0   0   0   0   0   0   0   0   2
    0   0   0   0   0   0   0   0   0   0   0   0   0   0   0   0   0   0
    0   0   0   0   0   0   0   0   0   0   0   0   0   0]
 [  0   0   0   0   1   0   0   0   0   0   0   0   0   0   0   0   0   0
    0   0   0   0   0   0   0   0   0   0   0   5   0   0   0   0   0   0
    0   0   0   0   0   0   0   0   0   0   0   0   0   0   0   0   0   0
    0   0   0   0   0   0   0   0   0   0   0   0   0   0]
 [  0   0   0   0   0   0   0   0   0   0   0   0   0   0   0   0   0   0
    0   0   0   0   0   0   0   0   0   0   0   0   0   0   0   0   0   0
    0   0   0   0   0   0   0   0   0   0   0   0   0   0   0   0   0   0
    0   0   0   0   0   0   0   0   0   0   0   0   0   0]
 [  0   0   0   0   0   0   0   0   0   0   0   0   0   0   0   0   0   0
    0   0   0   0   0   0   0   0   0   0   0   0   0   3   0   0   0   0
    0   0   0   0   0   0   0   0   0   0   0   0   0   0   0   0   0   0
    0   0   0   0   0   0   0   0   0   0   0   0   0   0]
 [  0   0   0   0   0   0   0   0   0   0   0   0   0   0   0   0   0   0
    0   0   0   0   0   0   0   0   0   0   0   0   0   0   0   0   0   0
    0   0   0   0   0   0   0   0   0   0   0   0   0   0   0   0   0   0
    0   0   0   0   0   0   0   0   0   0   0   0   0   0]
 [  0   0   0   0   0   0   0   0   0   0   0   0   0   0   0   0   0   0
    0   0   0   0   0   0   0   0   0   0   0   0   0   0   0   1   0   0
    0   0   0   0   0   0   0   0   0   0   0   0   0   1   0   0   0   0
    0   0   0   0   0   0   0   0   0   0   0   0   0   0]
 [  0   0   0   0   0   0   2   2   0   0   0   0   0   0   0   0   0   0
    0   0   0   0   0   0   0   0   0   0   0   0   0   0   0   0 161   0
    0   0   0   0   0   0   0   0   0   0   0   0   0   0   0   0   2   0
    8   0   0   0   0   0   0   1   1   0   0   0   0   0]
 [  0   0   0   0   0   0   0   0   0   0   0   0   0   0   0   0   0   0
    0   0   0   0   0   0   1   0   0   0   0   0   0   0   0   0   0   2
    0   0   0   0   0   0   0   0   0   0   0   0   0   0   0   0   0   0
    0   1   0   0   0   0   0   0   0   0   0   0   0   0]
 [  0   0   0   0   0   0   0   0   0   0   0   0   0   0   0   0   0   0
    0   0   0   0   0   0   0   0   0   0   0   0   0   0   0   0   0   0
    0   0   0   0   0   0   0   0   0   0   0   0   0   0   0   0   0   0
    0   0   0   0   0   0   0   0   0   0   0   0   0   0]
 [  0   0   0   0   0   0   1   1   0   0   0   0   0   0   0   0   0   0
    0   0   0   0   0   0   0   3   0   0   0   0   0   0   0   0   2   0
    0   8   0   0   0   0   0   0   0   0   0   0   0   0   0   0   1   0
    0   0   0   0   0   0   0   1   0   0   0   0   0   0]
 [  0   0   0   0   0   0   0   0   0   0   0   0   0   0   0   0   0   1
    0   0   0   0   0   0   0   0   0   0   0   0   0   0   0   0   0   0
    1   0   3   0   0   0   0   0   0   0   0   0   0   0   0   0   0   0
    0   2   0   0   0   0   0   0   0   0   0   2   0   0]
 [  0   0   0   0   0   0   0   0   0   0   0   0   0   0   0   0   0   0
    0   0   0   0   0   0   0   0   0   0   0   0   0   0   0   0   0   0
    0   0   0   0   0   0   0   0   0   0   0   0   0   0   0   0   0   0
    0   0   0   0   0   0   0   0   0   0   0   0   0   0]
 [  0   0   0   0   0   0   0   0   0   0   0   0   0   0   0   0   0   0
    0   0   0   0   0   0   0   0   0   0   0   0   0   0   0   0   0   0
    0   0   0   0   1   0   0   2   0   0   0   0   0   0   0   0   0   0
    0   0   0   0   0   0   0   0   0   0   0   0   0   0]
 [  0   0   0   0   0   0   0   0   0   0   0   0   0   0   0   0   0   0
    0   0   0   0   0   0   0   0   0   0   0   0   0   0   0   0   0   0
    0   0   0   0   0   3   0   0   0   0   0   0   0   0   0   0   0   0
    0   1   0   0   0   0   1   0   0   0   0   0   0   0]
 [  0   2   0   0   0   0   0   0   0   0   0   0   0   0   0   0   0   2
    0   0   0   0   0   0   0   0   0   0   0   0   0   0   0   0   0   0
    0   0   0   0   0   0   1   1   0   0   0   0   0   0   0   0   0   0
    0   0   0   0   0   0   0   0   0   0   0   0   0   0]
 [  0   0   0   0   0   0   0   0   0   0   0   0   0   0   0   0   0   0
    0   0   0   0   0   0   0   0   0   0   0   0   0   0   0   0   0   0
    0   0   0   0   0   0   0   5   0   0   0   0   0   0   0   0   0   0
    0   0   0   0   1   0   0   0   0   0   0   0   0   0]
 [  0   0   0   0   3   0   0   0   0   0   0   0   0   0   0   0   0   0
    0   0   0   0   0   0   0   0   0   0   0   2   0   0   0   0   0   0
    0   0   0   0   0   0   0   0  26   0   0   0   0   0   0   0   0   0
    0   0   0   0   0   0   0   0   0   0   0   0   0   0]
 [  0   0   0   0   0   0   0   0   0   0   0   0   0   0   0   0   0   0
    0   0   0   0   0   0   0   0   0   0   0   0   0   0   0   0   0   0
    0   0   0   0   0   0   0   0   0   0   1   0   0   0   0   0   0   0
    0   0   0   0   0   0   0   0   0   0   0   0   0   0]
 [  0   0   0   0   0   0   0   0   0   0   0   0   0   0   0   0   0   0
    0   0   0   0   0   0   0   0   0   0   0   0   0   0   0   0   0   0
    0   0   0   0   0   0   0   0   0   2   4   0   0   0   0   0   0   0
    0   0   0   0   0   0   0   0   0   0   0   0   0   0]
 [  2   0   0  11   0   0   0   0   0   0   0   0   0   0   0   0   1   0
    0   0   0   3   0   0   0   0   0   0   0   0   0   0   0   0   0   0
    0   0   0   0   0   0   0   0   0   0   0   3   0   0   0   0   0   0
    0   0   0   1   0   0   0   0   0   0   2   0   0   0]
 [  0   0   0   2   0   0   0   0   0   0   0   0   0   0   0   0   0   0
    0   0   0   0   0   0   0   0   0   0   0   0   0   0   0   0   0   0
    0   0   0   0   0   0   0   0   0   0   0   0  50   0   0   0   0   0
    0   0   0   1   0   7   0   0   0   0   5   0   0   0]
 [  0   0   0   0   0   0   0   0   0   0   0   0   0   0   0   0   0   0
    0   0   0   0   0   0   0   0   0   0   0   0   0   0   0   0   0   0
    0   0   0   0   0   0   0   0   0   0   0   0   0   4   0   0   0   0
    0   0   0   0   0   0   0   0   0   0   0   0   0   0]
 [  0   0   0   1   0   0   1   0   0   0   0   0   0   0   0   0   0   0
    0  22   0   0   0   0   1   0   0   0   0   0   1   0   0   0   0   0
    0   0   0   2   0   0   0   0   0   0   0   0   1   0  92   0   0   0
    0   0   0   0   0   0   0   0   0   0   1   0   0   0]
 [  0   0   0   0   0   0   0   0   0   0   0   0   0   0   0   0   0   0
    0   0   0   0   0   0   0   0   0   0   0   0   0   0   0   0   0   0
    0   0   0   0   0   0   0   0   0   0   0   0   0   0   0   0   0   0
    0   0   0   0   0   0   0   0   0   0   0   0   0   0]
 [  0   0   0   0   0   0   0   0   0   0   0   0   0   0   0   0   0   0
    0   0   0   0   0   0   0   0   0   0   0   0   0   0   0   0   0   0
    0   1   0   0   0   0   0   0   0   0   0   0   0   0   0   0   9   0
    0   0   0   0   0   0   0   0   1   0   0   0   0   0]
 [  0   0   0   0   0   0   0   0   0   0   0   0   0   0   0   0   0   0
    0   0   0   0   0   0   0   0   0   0   0   0   0   0   0   0   0   0
    0   0   0   0   0   0   0   0   0   0   0   0   0   0   0   0   0   5
    0   1   0   0   0   0   0   0   0   0   0   1   0   0]
 [  0   0   0   0   0   0   1   0   0   1   0   0   0   0   0   0   0   0
    0   0   0   0   0   0   0   2   0   0   0   0   0   0   0   0   9   0
    0   1   0   0   0   0   0   0   0   0   0   0   0   0   0   0   0   0
   14   0   0   0   0   0   0   0   1   0   0   0   0   0]
 [  0   0   0   0   0   0   0   0   0   0   0   0   0   0   0   0   0   0
    0   0   0   0   0   0   0   0   0   0   0   0   0   0   0   0   0   0
    0   0   2   0   0   0   0   0   0   0   0   0   0   0   0   0   0   0
    0   5   0   0   0   0   0   0   0   0   0   0   0   0]
 [  0   0   0   0   0   0   0   0   0   0   0   0   0   0   0   0   0   0
    0   0   0   0   0   0   0   0   0   0   0   0   0   0   0   0   0   0
    0   0   0   0   0   0   0   0   0   0   0   0   0   0   0   0   0   0
    0   0   1   0   0   0   0   0   0   0   0   0   0   0]
 [  0   0   0   0   0   0   0   0   0   0   0   0   0   0   0   0   0   0
    0   0   0   0   0   0   0   0   0   0   0   0   0   0   0   0   0   0
    0   0   0   0   0   0   0   0   0   0   0   0   1   0   0   0   0   0
    0   0   0   3   0   0   0   0   0   0   0   0   0   0]
 [  0   0   0   0   0   0   0   0   0   0   0   0   0   0   0   0   0   0
    0   0   0   0   0   0   0   0   0   0   0   0   0   0   0   0   0   0
    0   0   0   0   0   1   0   0   0   0   0   0   0   0   0   0   0   0
    0   0   0   0  19   0   0   0   0   0   0   0   0   0]
 [  0   0   0   0   0   0   0   0   0   0   2   0   1   0   0   0   0   0
    0   0   0   0   0   0   0   0   0   0   0   0   0   0   0   0   0   0
    0   0   0   0   0   0   0   0   0   0   0   0   1   0   0   0   0   0
    0   0   0   0   0  71   0   0   0   0   6   0   0   0]
 [  0   0   0   0   0   0   0   0   0   0   0   0   0   1   0   0   0   1
    0   0   0   0   0   0   2   0   0   1   0   0   0   0   0   0   0   0
    0   0   0   0   0   0   0   0   0   0   0   0   0   0   0   0   0   0
    0   0   0   0   0   0  13   0   0   0   0   0   0   0]
 [  0   0   0   0   0   0   1   7   0   0   0   0   0   0   0   0   0   0
    0   0   0   0   0   0   0   1   0   0   0   0   0   0   0   0   2   0
    0   3   0   0   0   0   0   0   0   0   0   0   0   0   0   0   1   0
    0   0   0   0   0   0   0   6   0   0   0   0   0   0]
 [  0   0   0   0   0   0   2   1   0   1   0   0   0   0   0   0   0   0
    0   0   0   0   0   0   0   2   0   0   0   0   0   0   0   0   2   0
    0   0   0   0   0   0   0   0   0   0   0   0   0   0   0   0   1   0
    2   0   0   0   0   0   0   1  35   0   0   0   0   0]
 [  0   1   0   0   0   0   0   0   0   0   0   0   0   0   0   0   0   0
    0   0   0   0   0   0   0   0   0   0   0   0   0   0   0   0   0   0
    0   0   0   0   0   0   0   0   0   0   0   0   0   0   0   0   0   0
    0   0   0   0   0   0   0   0   0  10   0   0   0   0]
 [  0   0   0   0   0   0   0   0   0   0   1   0   2   0   0   0   0   0
    0   0   0   0   0   0   0   0   0   0   0   0   0   0   0   0   0   0
    0   0   0   0   0   0   0   0   0   0   0   0   1   0   0   0   0   0
    0   0   0   0   0   4   0   0   0   0 205   0   0   0]
 [  0   0   0   0   0   0   0   0   0   0   0   0   0   0   0   0   0   0
    0   0   0   0   0   1   0   0   0   0   0   0   0   0   0   0   0   0
    0   0   1   0   0   0   0   0   0   0   0   0   0   0   0   0   0   0
    0   0   0   0   0   0   0   0   0   0   0   7   1   0]
 [  0   0   0   0   0   0   0   0   0   0   0   0   0   0   0   0   0   0
    0   0   0   0   0   0   0   0   0   0   0   0   0   0   0   0   0   0
    0   0   0   0   0   0   0   0   0   0   0   0   0   0   0   0   0   0
    0   0   0   0   0   0   0   0   0   1   0   0   0   0]
 [  2   8   2   6   9   2  17   4   1   1   1   8   6   5   1   2   5   5
    1  22   2   0   3   0  33   9   1   3   2   1   0   8   3   0  21   2
    0   3   3   9   0  38  15   0   6   4   3   0   4   1  20   1  18   6
    0   2   5   6   1  15  20   4  22  10  60   7   0   0]]

accuracy:  0.585

bleu for abnormality:  0.02402625411704901

bleu for all answers:  0.13967610681803733

Saving checkpoints

101 epoch begins...

102 epoch begins...

103 epoch begins...

104 epoch begins...

105 epoch begins...

106 epoch begins...

107 epoch begins...

108 epoch begins...

109 epoch begins...

110 epoch begins...

111 epoch begins...

112 epoch begins...

113 epoch begins...

114 epoch begins...

115 epoch begins...

116 epoch begins...

117 epoch begins...

118 epoch begins...

119 epoch begins...

120 epoch begins...
2019-04-30 12:03:06.224673 Train Epoch120: Classification Loss: 30.5640; Producing Loss: 70.3013
120 epoch ends 


121 epoch begins...

122 epoch begins...

123 epoch begins...

124 epoch begins...

125 epoch begins...

126 epoch begins...

127 epoch begins...

128 epoch begins...

129 epoch begins...

130 epoch begins...

131 epoch begins...

132 epoch begins...

133 epoch begins...

134 epoch begins...

135 epoch begins...

136 epoch begins...

137 epoch begins...

138 epoch begins...

139 epoch begins...

140 epoch begins...
2019-04-30 13:00:58.372900 Train Epoch140: Classification Loss: 27.8357; Producing Loss: 63.2360
140 epoch ends 


141 epoch begins...

142 epoch begins...

143 epoch begins...

144 epoch begins...

145 epoch begins...

146 epoch begins...

147 epoch begins...

148 epoch begins...

149 epoch begins...

150 epoch begins...

151 epoch begins...

152 epoch begins...

153 epoch begins...

154 epoch begins...

155 epoch begins...

156 epoch begins...

157 epoch begins...

158 epoch begins...

159 epoch begins...

160 epoch begins...
2019-04-30 13:58:55.207573 Train Epoch160: Classification Loss: 25.2968; Producing Loss: 53.1656
160 epoch ends 


161 epoch begins...

162 epoch begins...

163 epoch begins...

164 epoch begins...

165 epoch begins...

166 epoch begins...

167 epoch begins...

168 epoch begins...

169 epoch begins...

170 epoch begins...

171 epoch begins...

172 epoch begins...

173 epoch begins...

174 epoch begins...

175 epoch begins...

176 epoch begins...

177 epoch begins...

178 epoch begins...

179 epoch begins...

180 epoch begins...
2019-04-30 14:56:48.925984 Train Epoch180: Classification Loss: 22.8325; Producing Loss: 53.0324
180 epoch ends 


181 epoch begins...

182 epoch begins...

183 epoch begins...

184 epoch begins...

185 epoch begins...

186 epoch begins...

187 epoch begins...

188 epoch begins...

189 epoch begins...

190 epoch begins...

191 epoch begins...

192 epoch begins...

193 epoch begins...

194 epoch begins...

195 epoch begins...

196 epoch begins...

197 epoch begins...

198 epoch begins...

199 epoch begins...

200 epoch begins...
2019-04-30 15:54:46.919173 Train Epoch200: Classification Loss: 22.2002; Producing Loss: 49.5489
200 epoch ends 

Validation starts ...
saved to /home/leishi/vqa2019/results/predictions_200epoch.txt

confusion matrix
[[ 24   0   0   2   0   0   0   0   0   0   0   0   0   0   0   0   0   0
    0   0   0   1   0   0   0   0   0   0   0   0   0   0   0   0   0   0
    0   0   0   0   0   0   0   0   1   0   0   0   0   0   0   0   0   0
    0   0   1   0   0   0   0   1   0   0   0]
 [  0   4   0   0   0   0   0   0   0   0   0   0   0   0   0   0   0   0
    0   0   0   0   0   0   0   0   0   0   0   0   0   0   0   0   0   0
    0   0   0   0   0   0   0   0   0   0   0   0   0   0   0   0   0   0
    0   0   0   0   0   0   0   0   1   0   0]
 [  0   0   7   0   0   0   0   0   0   0   0   0   0   0   0   0   0   0
    0   0   0   0   0   1   0   0   0   0   0   0   0   0   0   0   0   0
    0   0   0   0   0   0   0   0   0   0   0   0   0   0   0   0   0   0
    0   0   0   0   0   0   0   0   0   0   0]
 [  2   0   0  22   0   0   0   0   0   0   0   0   0   0   0   0   1   0
    0   0   0   3   0   0   0   0   0   0   0   0   0   0   0   0   0   0
    0   0   0   0   0   0   0   0   4   1   0   0   0   0   0   0   0   0
    0   0   1   0   0   0   0   0   0   0   0]
 [  0   0   0   0  14   0   0   0   0   0   0   0   0   0   0   0   0   0
    0   0   0   0   0   0   0   0   0   0   0   0   0   0   0   0   0   0
    0   0   0   0   0   3   0   0   0   0   0   0   0   0   0   0   0   0
    0   0   0   0   0   0   0   0   0   0   0]
 [  0   0   0   0   0   0   0   0   0   0   0   0   0   0   0   0   0   0
    0   0   0   0   0   0   0   0   0   0   0   0   0   0   0   0   0   0
    0   0   0   0   0   0   0   0   0   0   0   0   0   0   0   0   0   0
    0   0   0   0   0   0   0   0   0   0   0]
 [  0   0   0   0   0   0  67   3   0   1   0   0   0   0   0   0   0   0
    0   0   0   0   0   0   1   0   0   0   0   0   0   0   0   0   0   0
    0   0   0   0   0   0   0   0   0   0   0   0   0   1   0   1   0   0
    0   0   0   0   0   2   0   0   0   0   0]
 [  0   0   0   0   0   0   4  40   0   8   0   0   0   0   0   0   0   0
    0   0   0   0   0   0   2   0   0   0   0   0   0   0   0   0   0   0
    0   0   0   0   0   0   0   0   0   0   0   0   0   0   0   1   0   0
    0   0   0   0   3   1   0   0   0   0   0]
 [  0   0   0   0   0   0   0   0   1   0   0   0   0   0   0   0   0   0
    0   0   0   0   0   0   0   0   0   0   0   0   0   0   0   0   0   0
    0   0   0   0   0   0   0   0   0   0   0   0   0   0   0   0   0   0
    0   0   0   0   0   0   0   0   0   0   0]
 [  0   0   0   0   0   0   0  11   0  17   0   0   0   0   0   0   0   0
    0   0   0   0   0   0   0   0   0   0   0   0   0   1   0   0   1   0
    0   0   0   0   0   0   0   0   0   0   0   0   0   0   0   0   0   0
    0   0   0   0   0   0   0   0   0   0   0]
 [  0   0   0   1   0   0   0   0   0   0   0   0   1   0   0   0   0   0
    0   0   0   0   0   0   0   0   0   0   0   0   0   0   0   0   0   0
    0   0   0   0   0   0   0   0   0   0   0   0   0   0   0   0   0   0
    0   0   0   0   0   0   0   1   0   0   0]
 [  0   0   0   0   0   0   0   0   0   0   0   0   0   0   0   0   0   0
    0   0   0   0   0   0   0   0   0   0   0   0   0   0   0   0   0   0
    0   0   0   0   0   0   0   0   0   0   0   0   0   0   0   0   0   0
    0   0   0   0   0   0   0   0   0   0   0]
 [  0   0   0   0   0   0   0   0   0   0   3   0   1   0   0   0   0   0
    0   0   0   0   0   0   0   0   0   0   0   0   0   0   0   0   0   0
    0   0   0   0   0   0   0   0   0   1   0   0   0   0   0   0   0   0
    0   0   1   0   0   0   0   1   0   0   0]
 [  0   0   0   0   0   0   0   0   0   0   0   0   0   3   0   0   0   0
    0   0   0   0   0   1   0   0   0   0   0   0   0   0   0   0   0   0
    0   0   0   0   0   0   0   0   0   0   0   0   0   0   0   0   0   0
    0   0   0   0   0   0   0   0   0   0   0]
 [  0   1   0   0   0   0   0   0   0   0   0   0   0   0   0   0   0   0
    0   0   0   0   0   0   0   0   0   0   0   0   0   0   0   0   0   0
    0   0   0   0   0   0   0   0   0   0   0   0   0   0   1   0   0   0
    0   0   0   0   0   0   0   0   0   0   0]
 [  0   0   0   0   0   0   0   0   0   0   0   0   0   0   0   0   0   0
    0   0   0   0   0   0   0   0   0   0   0   0   0   0   0   0   0   0
    0   0   0   0   0   0   0   0   0   0   0   0   0   0   0   0   0   0
    0   0   0   0   0   0   0   0   0   0   0]
 [  3   0   0   0   0   0   0   0   0   0   0   0   0   0   0   0   3   0
    0   0   0   1   0   0   0   0   0   0   0   0   0   0   0   0   0   0
    0   0   0   0   0   0   0   0   1   1   0   0   0   0   0   0   0   0
    0   0   1   0   0   0   0   1   0   0   0]
 [  0   0   0   0   1   0   0   0   0   0   0   0   0   0   0   0   0   4
    0   0   0   0   0   0   0   0   0   0   0   0   0   0   0   0   0   0
    0   0   0   0   0   0   0   0   0   0   0   0   0   0   0   0   0   0
    0   0   0   0   0   0   0   0   0   0   0]
 [  0   0   0   0   0   0   0   0   0   0   0   0   0   0   0   0   0   0
    0   0   0   0   0   0   0   0   0   0   0   0   0   0   0   0   0   0
    0   0   0   0   0   0   0   0   0   0   0   0   0   0   0   0   1   0
    0   0   0   0   0   0   0   0   0   0   0]
 [  0   0   0   1   0   0   0   0   0   0   0   0   0   0   0   0   2   0
    0  57   0   0   0   2   0   0   0   0   0   0   0   0   0   0   0   0
    0   0   1   0   0   0   1   0   0   0   0  13   1   0   0   0   0   0
    0   1   0   1   0   0   0   0   0   0   0]
 [  0   0   0   0   0   0   0   0   0   0   0   0   0   0   0   0   0   0
    0   0  14   0   2   0   0   0   0   0   0   0   0   0   0   0   0   0
    0   0   0   0   0   0   0   0   0   0   0   0   0   0   0   0   0   0
    0   0   0   0   0   0   0   0   0   0   0]
 [  1   0   0   4   0   0   0   0   0   0   0   0   0   0   0   0   0   0
    0   0   0   9   0   0   0   0   0   0   0   0   0   0   0   0   0   0
    0   0   0   0   0   0   0   0   6   0   0   0   0   0   0   0   0   0
    0   0   0   0   0   0   0   0   0   0   0]
 [  0   0   0   0   0   0   0   0   0   0   0   0   0   0   0   0   0   0
    0   0   7   0   9   0   0   0   0   0   0   0   0   0   0   0   0   0
    0   0   0   0   0   0   0   0   0   0   0   0   0   0   0   0   0   0
    0   0   0   0   0   0   0   0   0   0   0]
 [  0   0   1   0   0   0   0   0   0   0   0   0   0   0   0   0   0   0
    0   0   0   0   0  82   0   0   0   0   0   0   0   0   1   0   0   0
    0   0   1   0   0   0   0   0   0   0   0   0   0   0   0   0   0   0
    0   0   0   1   0   0   0   0   0   0   0]
 [  0   0   0   0   0   0   0   4   0   0   0   0   0   0   0   0   0   0
    0   0   0   0   0   0  19   0   0   0   0   0   0   1   0   0   6   0
    0   0   0   0   0   0   0   0   0   0   0   0   0   1   0   0   0   0
    0   0   0   0   0   2   0   0   0   0   0]
 [  0   0   0   0   0   0   0   0   0   0   0   0   0   0   0   0   0   0
    0   0   0   0   0   0   0   0   0   0   0   0   0   0   0   0   0   0
    0   0   0   0   0   0   0   1   0   0   0   0   0   0   0   0   0   0
    0   0   0   0   0   0   0   0   0   0   0]
 [  0   0   0   0   0   0   0   0   0   0   0   0   0   0   0   0   0   0
    0   0   0   0   0   0   0   0   0   0   0   0   0   0   0   0   0   0
    0   0   0   0   0   0   0   0   0   0   0   0   0   0   0   0   0   0
    0   0   0   0   0   0   0   0   0   0   0]
 [  0   0   0   0   0   0   0   0   0   0   0   0   0   1   0   0   0   0
    0   0   0   0   0   1   0   0   0   1   0   0   0   0   2   0   0   0
    0   0   0   0   0   0   0   0   0   0   0   0   0   0   0   0   0   0
    0   0   0   0   0   0   0   0   0   0   0]
 [  0   0   0   0   0   0   0   0   0   0   0   0   0   0   0   0   0   0
    0   0   0   0   0   0   0   0   0   0   6   0   0   0   0   0   0   0
    0   0   0   0   0   0   0   0   0   0   0   0   0   0   0   0   0   0
    0   0   0   0   0   0   0   0   0   0   0]
 [  0   0   0   0   0   0   0   0   0   0   0   0   0   0   0   0   0   0
    0   0   0   0   0   0   0   0   0   0   0   3   0   0   0   0   0   0
    0   0   0   0   0   0   0   0   0   0   0   0   0   0   0   0   0   0
    0   0   0   0   0   0   0   0   0   0   0]
 [  0   0   0   0   0   0   0   0   0   0   0   0   0   0   0   0   0   0
    0   0   0   0   0   0   0   0   0   0   0   0   1   0   0   0   0   0
    0   0   0   0   0   0   0   0   0   0   1   0   0   0   0   0   0   0
    0   0   0   0   0   0   0   0   0   0   0]
 [  0   0   0   0   0   0   2   0   0   1   0   0   0   0   0   0   0   0
    0   0   0   0   0   0   0   0   0   0   0   0   0 166   0   0   0   0
    0   0   0   0   0   0   0   0   0   0   0   0   0   1   0   5   0   0
    0   0   0   0   1   1   0   0   0   0   0]
 [  0   0   0   0   0   0   0   0   0   0   0   0   0   0   0   0   0   0
    0   0   0   0   0   0   0   0   0   1   0   0   0   0   3   0   0   0
    0   0   0   0   0   0   0   0   0   0   0   0   0   0   0   0   0   0
    0   0   0   0   0   0   0   0   0   0   0]
 [  0   0   0   0   0   0   0   0   0   0   0   0   0   0   0   0   0   0
    0   0   0   0   0   0   0   0   0   0   0   0   0   0   0   0   0   0
    0   0   0   0   0   0   0   0   0   0   0   0   0   0   0   0   0   0
    0   0   0   0   0   0   0   0   0   0   0]
 [  0   0   0   0   0   0   2   1   0   0   0   0   0   0   0   0   0   0
    0   0   0   0   0   0   4   0   0   0   0   0   0   1   0   0   7   0
    0   0   0   0   0   0   0   0   0   0   0   0   0   1   0   1   0   0
    0   0   0   0   0   0   0   0   0   0   0]
 [  0   0   0   0   0   0   0   0   0   0   0   0   0   0   0   0   0   0
    0   0   0   0   0   0   0   0   0   0   0   0   0   0   0   1   0   5
    0   0   1   0   0   0   0   0   0   0   0   0   0   0   0   0   2   0
    0   0   0   0   0   0   0   0   0   0   0]
 [  0   0   0   0   0   0   0   0   0   0   0   0   0   0   0   0   0   0
    0   0   0   0   0   0   0   0   0   0   0   0   0   0   0   0   0   0
    0   0   0   0   0   0   0   0   0   0   0   0   0   0   0   0   0   0
    0   0   0   0   0   0   0   0   0   0   0]
 [  0   0   0   0   0   0   0   0   0   0   0   0   0   0   0   0   0   0
    0   0   0   0   0   0   0   0   0   0   0   0   0   0   0   0   0   0
    0   1   0   0   2   0   0   0   0   0   0   0   0   0   0   0   0   0
    0   0   0   0   0   0   0   0   0   0   0]
 [  0   0   0   0   0   0   0   0   0   0   0   0   0   0   0   0   0   0
    0   0   0   0   0   0   0   0   0   0   0   0   0   0   0   0   0   0
    0   0   3   0   0   0   0   0   0   0   0   0   0   0   0   0   1   0
    0   0   0   1   0   0   0   0   0   0   0]
 [  0   2   0   0   0   0   0   0   0   0   0   0   0   0   0   0   0   2
    0   0   0   0   0   0   0   0   0   0   0   0   0   0   0   0   0   0
    0   0   0   1   1   0   0   0   0   0   0   0   0   0   0   0   0   0
    0   0   0   0   0   0   0   0   0   0   0]
 [  0   0   0   0   0   0   0   0   0   0   0   0   0   0   0   0   0   0
    0   0   0   0   0   0   0   0   0   0   0   0   0   0   0   0   0   0
    0   0   0   0   5   0   0   0   0   0   0   0   0   0   0   0   0   0
    0   1   0   0   0   0   0   0   0   0   0]
 [  0   0   0   0   3   0   0   0   0   0   0   0   0   0   0   0   0   0
    0   0   0   0   0   0   0   0   0   0   3   0   0   0   0   0   0   0
    0   0   0   0   0  25   0   0   0   0   0   0   0   0   0   0   0   0
    0   0   0   0   0   0   0   0   0   0   0]
 [  0   0   0   0   0   0   0   0   0   0   0   0   0   0   0   0   0   0
    0   0   0   0   0   0   0   0   0   0   0   0   0   0   0   0   0   0
    0   0   0   0   0   0   0   0   1   0   0   0   0   0   0   0   0   0
    0   0   0   0   0   0   0   0   0   0   0]
 [  0   0   0   0   0   0   0   0   0   0   0   0   0   0   0   0   0   0
    0   0   0   0   0   0   0   0   0   0   0   0   0   0   0   0   0   0
    0   0   0   0   0   0   2   4   0   0   0   0   0   0   0   0   0   0
    0   0   0   0   0   0   0   0   0   0   0]
 [  2   0   0   7   0   0   0   0   0   0   0   0   0   0   0   0   1   0
    0   0   0   3   0   0   0   0   0   0   0   0   0   0   0   0   0   0
    0   0   0   0   0   0   0   0   7   1   0   0   0   0   0   0   0   0
    1   0   0   0   0   0   0   1   0   0   0]
 [  0   0   0   2   0   0   0   0   0   0   0   0   0   0   0   0   1   0
    0   0   0   0   0   0   0   0   0   0   0   0   0   0   0   0   0   0
    0   0   0   0   0   0   0   0   0  54   0   0   0   0   0   0   0   0
    0   0   5   0   0   0   0   3   0   0   0]
 [  0   0   0   0   0   0   0   0   0   0   0   0   0   0   0   0   0   0
    0   0   0   0   0   0   0   0   0   0   0   0   0   0   0   0   0   0
    0   0   0   0   0   0   0   0   0   0   4   0   0   0   0   0   0   0
    0   0   0   0   0   0   0   0   0   0   0]
 [  0   0   0   0   0   0   0   0   0   0   0   0   0   0   0   0   0   0
    0  22   0   1   0   3   0   0   0   0   0   0   0   0   1   0   0   0
    0   0   0   0   0   0   0   0   0   0   0  93   0   0   0   1   0   0
    0   0   0   0   0   0   0   1   0   0   0]
 [  0   0   0   0   0   0   0   0   0   0   0   0   0   0   0   0   0   0
    0   0   0   0   0   0   0   0   0   0   0   0   0   0   0   0   0   0
    0   0   0   0   0   0   0   0   0   0   0   0   0   0   0   0   0   0
    0   0   0   0   0   0   0   0   0   0   0]
 [  0   0   0   0   0   0   0   0   0   1   0   0   0   0   0   0   0   0
    0   0   0   0   0   0   0   0   0   0   0   0   0   0   0   0   0   0
    0   0   0   0   0   0   0   0   0   0   0   0   0   9   0   0   0   0
    0   0   0   0   0   1   0   0   0   0   0]
 [  0   0   0   0   0   0   0   0   0   0   0   0   0   0   0   0   0   0
    0   0   0   0   0   0   0   0   0   0   0   0   0   0   0   0   0   0
    0   0   0   0   0   0   0   0   0   0   0   0   0   0   5   0   1   0
    0   0   0   0   0   0   0   0   1   0   0]
 [  0   0   0   0   0   0   3   1   0   0   0   0   0   0   0   0   0   0
    0   0   0   0   0   0   2   0   0   0   0   0   0   9   0   0   0   0
    0   0   0   0   0   0   0   0   0   0   0   0   0   0   0  12   0   0
    0   0   0   0   0   2   0   0   0   0   0]
 [  0   0   0   0   0   0   0   0   0   0   0   0   0   0   0   0   0   0
    0   0   0   0   0   0   0   0   0   0   0   0   0   0   0   0   0   2
    0   0   0   0   0   0   0   0   0   0   0   0   0   0   0   0   5   0
    0   0   0   0   0   0   0   0   0   0   0]
 [  0   0   0   0   0   0   0   0   0   0   0   0   0   0   0   0   0   0
    0   0   0   0   0   0   0   0   0   0   0   0   0   0   0   0   0   0
    0   0   0   1   0   0   0   0   0   0   0   0   0   0   0   0   0   0
    0   0   0   0   0   0   0   0   0   0   0]
 [  0   0   0   0   0   0   0   0   0   0   0   0   0   0   0   0   0   0
    0   0   0   0   0   0   0   0   0   0   0   0   0   0   0   0   0   0
    0   0   0   0   0   0   0   0   0   1   0   0   0   0   0   0   0   0
    3   0   0   0   0   0   0   0   0   0   0]
 [  0   0   0   0   0   0   0   0   0   0   0   0   0   0   0   0   0   0
    0   0   0   0   0   0   0   0   0   0   0   0   0   0   0   0   0   1
    0   0   0   0   0   0   0   0   0   0   0   0   0   0   0   0   0   0
    0  19   0   0   0   0   0   0   0   0   0]
 [  0   0   0   0   0   0   0   0   0   0   2   0   0   0   0   0   0   0
    0   0   0   0   0   0   0   0   0   0   0   0   0   0   0   0   0   0
    0   0   0   0   0   0   0   0   0   2   0   0   0   0   0   0   0   0
    0   0  70   0   0   0   0   7   0   0   0]
 [  0   0   0   0   0   0   0   0   0   0   0   0   0   0   0   0   0   1
    0   0   0   0   0   2   0   0   0   0   0   0   0   0   0   0   0   0
    0   0   0   0   0   0   0   0   0   0   0   0   0   0   0   0   0   0
    0   0   0  15   0   0   0   0   0   0   0]
 [  0   0   0   0   0   0   2   6   0   3   0   0   0   0   0   0   0   0
    0   0   0   0   0   0   1   0   0   0   0   0   0   1   0   0   3   0
    0   0   0   0   0   0   0   0   0   0   0   0   0   0   0   2   0   0
    0   0   0   0   3   0   0   0   0   0   0]
 [  0   0   0   0   0   0   3   0   0   2   0   0   0   0   0   0   0   0
    0   0   0   0   0   0   2   0   0   0   0   0   0   3   0   0   0   0
    0   0   0   0   0   0   0   0   0   0   0   0   0   0   0   1   0   0
    0   0   0   0   1  35   0   0   0   0   0]
 [  0   1   0   0   0   0   0   0   0   0   0   0   0   0   0   0   0   0
    0   0   0   0   0   0   0   0   0   0   0   0   0   0   0   0   0   0
    0   0   0   0   0   0   0   0   0   0   0   0   0   0   0   0   0   0
    0   0   0   0   0   0  10   0   0   0   0]
 [  0   0   0   0   0   0   0   0   0   0   0   0   1   0   0   0   0   0
    0   0   0   0   0   0   0   0   0   0   0   0   0   0   0   0   0   0
    0   0   0   0   0   0   0   0   0   3   0   0   0   0   0   0   0   0
    0   0   5   0   0   0   0 204   0   0   0]
 [  0   0   0   0   0   0   0   0   0   0   0   0   0   0   0   0   0   0
    0   0   0   0   0   0   0   0   0   0   0   1   0   0   0   0   0   1
    0   0   0   0   0   0   0   0   0   0   0   0   0   0   1   0   0   0
    0   0   0   0   0   0   0   0   6   1   0]
 [  0   0   0   0   0   0   0   0   0   0   0   0   0   0   0   0   0   0
    0   0   0   0   0   0   0   0   0   0   0   0   0   0   0   0   0   0
    0   0   0   0   0   0   0   0   0   0   0   0   0   0   0   0   0   0
    0   0   0   0   0   0   1   0   0   0   0]
 [  2  14   2   6   3   8  20   1   5   5   2   5   6   3   3   2   7   5
    1  36   5   3   1  36   5   0   1   1   4   5   6  24   3   0   0   6
    3   5  34  12   0   3   3   0   5   7   0   9   3   7   7   4   5   4
    1   6   9  27   3  26  14  37   9   0   0]]

accuracy:  0.591

bleu for abnormality:  0.03378467496469958

bleu for all answers:  0.14315601586940035

Saving checkpoints

Training Finished

Classification Loss and answer loss for each epoch
[(153.95208491484325, 611.2910565217336), (107.39436673323313, 513.4981490770975), (93.10785471995672, 487.7464512348175), (85.67498885393142, 467.34298803011575), (79.77347169319789, 452.9688079675039), (77.05025105079015, 437.0215888341268), (72.95201058387757, 421.5019447962443), (71.93307547569275, 409.1887465318044), (69.50788429975509, 395.08334194819133), (67.93939775824546, 383.79944435755414), (66.71164029439291, 375.7669318199158), (65.47098173300425, 365.06885528564453), (65.93451044360796, 352.5045225858688), (62.879958256085715, 343.6072012901306), (62.95280161301295, 330.84358383019764), (62.441605355342226, 326.19200531641644), (60.885203673442206, 316.11975611050923), (60.337073806921644, 308.1111083189646), (59.12909458080927, 296.0794681549072), (58.75735056400299, 292.58377548058826), (57.77888418436051, 285.10795912742617), (57.97744042873383, 275.5274129867554), (57.63260203202565, 270.07246096134185), (57.070522604386014, 258.44903388023374), (57.04263057907422, 260.5984388033549), (55.44518581032753, 255.3191126426061), (55.58044892748197, 248.10310546557108), (55.202198161681494, 237.7493480682373), (54.84442336161931, 237.4749275525411), (53.592062056064606, 232.52841633955637), (53.85936747789383, 226.40674699147542), (53.96128943165143, 223.36989082495373), (53.35717492500941, 216.02995344003043), (52.95444002747536, 214.33981795310973), (52.52251136302948, 210.14731816848118), (52.1221998433272, 208.44012563228608), (51.21975930929184, 202.54362807273864), (52.02259774605433, 202.28924655914307), (51.0711446762085, 196.51863690217337), (50.16785324017207, 190.6974185546239), (50.00272634625435, 191.34361828168232), (50.55999017953873, 189.09478225708008), (49.619541289409, 185.24373741547268), (49.10931431651115, 178.3223224957784), (47.87911658088366, 170.81425609588624), (48.63764741222064, 171.79404071172078), (48.05849592487017, 173.69086639881135), (49.110169410705566, 166.92557709614437), (48.708038314183554, 172.38634214401245), (49.09755385518074, 167.05043479998906), (45.50375676552455, 150.39248307148617), (44.89989109436671, 143.89293885231018), (44.31860171755155, 144.58761974175772), (43.63590609232585, 139.42798448006312), (43.74512206117312, 138.06100736856462), (43.64273725152016, 136.65903966824214), (42.65990537405014, 136.20079735914865), (42.95234191616376, 136.00678470929464), (41.721694181362786, 133.49431686798732), (42.72696031332016, 129.33350890278817), (41.864589748779935, 127.68480695883433), (41.942553387085596, 127.51480036179224), (41.08539553085963, 126.5414909919103), (41.42818971474966, 122.93274578253428), (40.93394253055255, 123.94388650258382), (40.5729688813289, 121.38089675505957), (40.81070836583773, 117.58527117172876), (41.12141124308109, 121.46792108217875), (40.21586595575015, 119.626871128877), (40.659444562594096, 116.90449115037919), (40.266539520025255, 118.21911701758702), (40.28772815068563, 116.33852666219076), (38.96069845159848, 116.05500444173813), (39.526477658748625, 113.85921067794165), (39.344722338517506, 114.66184070507686), (38.50171277026335, 112.27767474850019), (38.82116446395715, 108.99466428756713), (38.432696219285326, 112.54476049741109), (39.10606870651245, 109.32638260523478), (38.00144020418326, 104.72619054317474), (37.74419206182162, 103.34136421283087), (37.65467018981774, 104.71853173971176), (38.162813545266786, 102.5145102183024), (37.77980746130149, 105.07762745221456), (36.80204686125119, 99.89158589839936), (37.078946928183235, 100.82649123271307), (37.8327245970567, 103.86528263489406), (37.11219549079736, 104.09116183519363), (37.02406952381134, 101.85956141153972), (35.98939897418022, 100.83332720994949), (36.1382330407699, 98.5410302042961), (36.632473317782086, 96.7458880186081), (35.59436118702094, 99.8247290233771), (35.96689506967862, 93.8329637090365), (35.00991800328096, 93.6151175101598), (35.25816080768903, 91.64289028247198), (35.55408862133821, 93.97614704370498), (34.6863077779611, 94.70505685806275), (35.35906816919645, 90.38285873532296), (35.9131455163161, 87.91193172136943), (32.96490299701691, 84.94299324949583), (32.90767093698184, 81.74954061309496), (32.88785537381967, 80.09391674002012), (33.370533221960066, 83.04368619124095), (32.27437725961208, 78.36540105938911), (31.911270916461945, 80.21627721190453), (31.90006645421187, 79.0901532014211), (31.775834353764854, 80.13396890362104), (31.289995856086414, 75.2153369685014), (31.24256128271421, 75.50115898052852), (31.0558185617129, 76.18249050776164), (30.687825157245, 74.21008074084918), (30.775813899437587, 79.44174177845319), (30.92998064259688, 74.81346661647162), (30.932783328493436, 71.8066212018331), (30.442503348986307, 75.68827280600865), (31.00572115977605, 75.781395449241), (30.707319338123003, 75.77429299155871), (29.898836348454157, 74.77840510805449), (30.563982573151588, 70.30132319132487), (30.53983256518841, 75.17179465293884), (29.840800565481185, 72.07321172555288), (29.977215601007142, 71.93639666835467), (29.944423745075863, 69.25061718026797), (29.59974172314008, 68.93118267655373), (29.08790115813414, 67.40744696259499), (29.402785883347192, 68.67189742128055), (29.33370367884636, 69.13471126357715), (29.07244692146778, 67.0558108707269), (28.990737346808114, 67.47398024598758), (28.63981698155403, 66.8710321267446), (28.459225472807884, 66.5458205719789), (28.085996922850608, 68.42454409599304), (28.053987276554107, 67.91098265449206), (27.841138149301212, 65.93042663733165), (28.347211661934853, 66.64477112293244), (28.318650291363397, 64.82902690966924), (28.43042636811733, 64.37380863229434), (28.328013959527016, 62.52021339337031), (27.835736113786698, 63.236004748940466), (28.35104824701945, 67.80493164261182), (28.104653859138487, 63.50868846575419), (27.499016411105792, 61.87746951381366), (27.5136154015859, 61.798698314030965), (27.177263129750887, 62.449288880825044), (27.736456234256426, 64.3261896888415), (27.85256990889708, 64.16237570047379), (27.10249312222004, 60.42069280743599), (26.975719006856284, 62.42592619657516), (26.52747822701931, 61.93149364391963), (26.291983436544736, 63.17400371233622), (26.39580704122782, 57.94778031607469), (24.86973513762156, 57.02391458551089), (25.439041094978652, 57.52758953670661), (25.283224693934123, 55.644847722848255), (25.437816724181175, 54.49771005709966), (24.95258123278618, 56.18451254367828), (24.956627190113068, 56.586048443118734), (25.820009484887123, 54.92778172691663), (25.29679447412491, 53.16556203564008), (24.755022942026457, 53.69716880420844), (25.407577953735988, 54.38687798380852), (24.405563948551812, 56.08247620860735), (24.607639544208844, 55.6635644197464), (24.776629407703876, 57.84789235095183), (24.550367477536202, 56.78059913516044), (24.884704490502674, 54.18624127109845), (23.78996963997682, 54.81141458551089), (24.111259311437607, 53.45533800323804), (23.51341361006101, 55.347385028998055), (24.184386063118776, 53.00582186381022), (23.4534548809131, 53.46293272674084), (23.94851399163405, 53.12228105564912), (23.338736992081007, 50.7976627488931), (24.564838394522667, 52.134779725472136), (23.52762084702651, 55.14216145177682), (24.149855640530586, 51.1667127708594), (24.206639895836513, 52.53728878895442), (24.229356821874777, 50.66885002950827), (22.83254234045744, 53.032421964406964), (22.73123816251755, 52.26217506527901), (23.897805539766946, 52.60355903506279), (22.95099084377289, 50.89108328620593), (23.812556924422584, 51.330241576830545), (23.96512819826603, 51.32441665629546), (22.91810627778371, 51.83665865858396), (22.81555059105158, 52.8799625347058), (22.39753606915474, 50.813766195376715), (23.480507273972034, 50.304668353994686), (23.319595662752786, 49.34020540614923), (24.204784353574116, 51.769149255752566), (23.308957930405935, 51.73707709511121), (22.65455295294523, 50.68222525517146), (22.796446366111436, 47.862949533263844), (22.746179059147835, 51.645115043719606), (22.36607878357172, 48.51636239588261), (22.416038818160693, 49.973503810167315), (22.372758611043295, 51.246811763445535), (22.756407763560613, 49.28233260611693), (22.200184542437395, 49.5488509674867)]

Final Result
saved to /home/leishi/vqa2019/results/predictions_final.txt

 confusion matrix
[[ 24   0   0   2   0   0   0   0   0   0   0   0   0   0   0   0   0   0
    0   0   0   1   0   0   0   0   0   0   0   0   0   0   0   0   0   0
    0   0   0   0   0   0   0   0   1   0   0   0   0   0   0   0   0   0
    0   0   1   0   0   0   0   1   0   0   0]
 [  0   4   0   0   0   0   0   0   0   0   0   0   0   0   0   0   0   0
    0   0   0   0   0   0   0   0   0   0   0   0   0   0   0   0   0   0
    0   0   0   0   0   0   0   0   0   0   0   0   0   0   0   0   0   0
    0   0   0   0   0   0   0   0   1   0   0]
 [  0   0   7   0   0   0   0   0   0   0   0   0   0   0   0   0   0   0
    0   0   0   0   0   1   0   0   0   0   0   0   0   0   0   0   0   0
    0   0   0   0   0   0   0   0   0   0   0   0   0   0   0   0   0   0
    0   0   0   0   0   0   0   0   0   0   0]
 [  2   0   0  22   0   0   0   0   0   0   0   0   0   0   0   0   1   0
    0   0   0   3   0   0   0   0   0   0   0   0   0   0   0   0   0   0
    0   0   0   0   0   0   0   0   4   1   0   0   0   0   0   0   0   0
    0   0   1   0   0   0   0   0   0   0   0]
 [  0   0   0   0  14   0   0   0   0   0   0   0   0   0   0   0   0   0
    0   0   0   0   0   0   0   0   0   0   0   0   0   0   0   0   0   0
    0   0   0   0   0   3   0   0   0   0   0   0   0   0   0   0   0   0
    0   0   0   0   0   0   0   0   0   0   0]
 [  0   0   0   0   0   0   0   0   0   0   0   0   0   0   0   0   0   0
    0   0   0   0   0   0   0   0   0   0   0   0   0   0   0   0   0   0
    0   0   0   0   0   0   0   0   0   0   0   0   0   0   0   0   0   0
    0   0   0   0   0   0   0   0   0   0   0]
 [  0   0   0   0   0   0  67   3   0   1   0   0   0   0   0   0   0   0
    0   0   0   0   0   0   1   0   0   0   0   0   0   0   0   0   0   0
    0   0   0   0   0   0   0   0   0   0   0   0   0   1   0   1   0   0
    0   0   0   0   0   2   0   0   0   0   0]
 [  0   0   0   0   0   0   4  40   0   8   0   0   0   0   0   0   0   0
    0   0   0   0   0   0   2   0   0   0   0   0   0   0   0   0   0   0
    0   0   0   0   0   0   0   0   0   0   0   0   0   0   0   1   0   0
    0   0   0   0   3   1   0   0   0   0   0]
 [  0   0   0   0   0   0   0   0   1   0   0   0   0   0   0   0   0   0
    0   0   0   0   0   0   0   0   0   0   0   0   0   0   0   0   0   0
    0   0   0   0   0   0   0   0   0   0   0   0   0   0   0   0   0   0
    0   0   0   0   0   0   0   0   0   0   0]
 [  0   0   0   0   0   0   0  11   0  17   0   0   0   0   0   0   0   0
    0   0   0   0   0   0   0   0   0   0   0   0   0   1   0   0   1   0
    0   0   0   0   0   0   0   0   0   0   0   0   0   0   0   0   0   0
    0   0   0   0   0   0   0   0   0   0   0]
 [  0   0   0   1   0   0   0   0   0   0   0   0   1   0   0   0   0   0
    0   0   0   0   0   0   0   0   0   0   0   0   0   0   0   0   0   0
    0   0   0   0   0   0   0   0   0   0   0   0   0   0   0   0   0   0
    0   0   0   0   0   0   0   1   0   0   0]
 [  0   0   0   0   0   0   0   0   0   0   0   0   0   0   0   0   0   0
    0   0   0   0   0   0   0   0   0   0   0   0   0   0   0   0   0   0
    0   0   0   0   0   0   0   0   0   0   0   0   0   0   0   0   0   0
    0   0   0   0   0   0   0   0   0   0   0]
 [  0   0   0   0   0   0   0   0   0   0   3   0   1   0   0   0   0   0
    0   0   0   0   0   0   0   0   0   0   0   0   0   0   0   0   0   0
    0   0   0   0   0   0   0   0   0   1   0   0   0   0   0   0   0   0
    0   0   1   0   0   0   0   1   0   0   0]
 [  0   0   0   0   0   0   0   0   0   0   0   0   0   3   0   0   0   0
    0   0   0   0   0   1   0   0   0   0   0   0   0   0   0   0   0   0
    0   0   0   0   0   0   0   0   0   0   0   0   0   0   0   0   0   0
    0   0   0   0   0   0   0   0   0   0   0]
 [  0   1   0   0   0   0   0   0   0   0   0   0   0   0   0   0   0   0
    0   0   0   0   0   0   0   0   0   0   0   0   0   0   0   0   0   0
    0   0   0   0   0   0   0   0   0   0   0   0   0   0   1   0   0   0
    0   0   0   0   0   0   0   0   0   0   0]
 [  0   0   0   0   0   0   0   0   0   0   0   0   0   0   0   0   0   0
    0   0   0   0   0   0   0   0   0   0   0   0   0   0   0   0   0   0
    0   0   0   0   0   0   0   0   0   0   0   0   0   0   0   0   0   0
    0   0   0   0   0   0   0   0   0   0   0]
 [  3   0   0   0   0   0   0   0   0   0   0   0   0   0   0   0   3   0
    0   0   0   1   0   0   0   0   0   0   0   0   0   0   0   0   0   0
    0   0   0   0   0   0   0   0   1   1   0   0   0   0   0   0   0   0
    0   0   1   0   0   0   0   1   0   0   0]
 [  0   0   0   0   1   0   0   0   0   0   0   0   0   0   0   0   0   4
    0   0   0   0   0   0   0   0   0   0   0   0   0   0   0   0   0   0
    0   0   0   0   0   0   0   0   0   0   0   0   0   0   0   0   0   0
    0   0   0   0   0   0   0   0   0   0   0]
 [  0   0   0   0   0   0   0   0   0   0   0   0   0   0   0   0   0   0
    0   0   0   0   0   0   0   0   0   0   0   0   0   0   0   0   0   0
    0   0   0   0   0   0   0   0   0   0   0   0   0   0   0   0   1   0
    0   0   0   0   0   0   0   0   0   0   0]
 [  0   0   0   1   0   0   0   0   0   0   0   0   0   0   0   0   2   0
    0  57   0   0   0   2   0   0   0   0   0   0   0   0   0   0   0   0
    0   0   1   0   0   0   1   0   0   0   0  13   1   0   0   0   0   0
    0   1   0   1   0   0   0   0   0   0   0]
 [  0   0   0   0   0   0   0   0   0   0   0   0   0   0   0   0   0   0
    0   0  14   0   2   0   0   0   0   0   0   0   0   0   0   0   0   0
    0   0   0   0   0   0   0   0   0   0   0   0   0   0   0   0   0   0
    0   0   0   0   0   0   0   0   0   0   0]
 [  1   0   0   4   0   0   0   0   0   0   0   0   0   0   0   0   0   0
    0   0   0   9   0   0   0   0   0   0   0   0   0   0   0   0   0   0
    0   0   0   0   0   0   0   0   6   0   0   0   0   0   0   0   0   0
    0   0   0   0   0   0   0   0   0   0   0]
 [  0   0   0   0   0   0   0   0   0   0   0   0   0   0   0   0   0   0
    0   0   7   0   9   0   0   0   0   0   0   0   0   0   0   0   0   0
    0   0   0   0   0   0   0   0   0   0   0   0   0   0   0   0   0   0
    0   0   0   0   0   0   0   0   0   0   0]
 [  0   0   1   0   0   0   0   0   0   0   0   0   0   0   0   0   0   0
    0   0   0   0   0  82   0   0   0   0   0   0   0   0   1   0   0   0
    0   0   1   0   0   0   0   0   0   0   0   0   0   0   0   0   0   0
    0   0   0   1   0   0   0   0   0   0   0]
 [  0   0   0   0   0   0   0   4   0   0   0   0   0   0   0   0   0   0
    0   0   0   0   0   0  19   0   0   0   0   0   0   1   0   0   6   0
    0   0   0   0   0   0   0   0   0   0   0   0   0   1   0   0   0   0
    0   0   0   0   0   2   0   0   0   0   0]
 [  0   0   0   0   0   0   0   0   0   0   0   0   0   0   0   0   0   0
    0   0   0   0   0   0   0   0   0   0   0   0   0   0   0   0   0   0
    0   0   0   0   0   0   0   1   0   0   0   0   0   0   0   0   0   0
    0   0   0   0   0   0   0   0   0   0   0]
 [  0   0   0   0   0   0   0   0   0   0   0   0   0   0   0   0   0   0
    0   0   0   0   0   0   0   0   0   0   0   0   0   0   0   0   0   0
    0   0   0   0   0   0   0   0   0   0   0   0   0   0   0   0   0   0
    0   0   0   0   0   0   0   0   0   0   0]
 [  0   0   0   0   0   0   0   0   0   0   0   0   0   1   0   0   0   0
    0   0   0   0   0   1   0   0   0   1   0   0   0   0   2   0   0   0
    0   0   0   0   0   0   0   0   0   0   0   0   0   0   0   0   0   0
    0   0   0   0   0   0   0   0   0   0   0]
 [  0   0   0   0   0   0   0   0   0   0   0   0   0   0   0   0   0   0
    0   0   0   0   0   0   0   0   0   0   6   0   0   0   0   0   0   0
    0   0   0   0   0   0   0   0   0   0   0   0   0   0   0   0   0   0
    0   0   0   0   0   0   0   0   0   0   0]
 [  0   0   0   0   0   0   0   0   0   0   0   0   0   0   0   0   0   0
    0   0   0   0   0   0   0   0   0   0   0   3   0   0   0   0   0   0
    0   0   0   0   0   0   0   0   0   0   0   0   0   0   0   0   0   0
    0   0   0   0   0   0   0   0   0   0   0]
 [  0   0   0   0   0   0   0   0   0   0   0   0   0   0   0   0   0   0
    0   0   0   0   0   0   0   0   0   0   0   0   1   0   0   0   0   0
    0   0   0   0   0   0   0   0   0   0   1   0   0   0   0   0   0   0
    0   0   0   0   0   0   0   0   0   0   0]
 [  0   0   0   0   0   0   2   0   0   1   0   0   0   0   0   0   0   0
    0   0   0   0   0   0   0   0   0   0   0   0   0 166   0   0   0   0
    0   0   0   0   0   0   0   0   0   0   0   0   0   1   0   5   0   0
    0   0   0   0   1   1   0   0   0   0   0]
 [  0   0   0   0   0   0   0   0   0   0   0   0   0   0   0   0   0   0
    0   0   0   0   0   0   0   0   0   1   0   0   0   0   3   0   0   0
    0   0   0   0   0   0   0   0   0   0   0   0   0   0   0   0   0   0
    0   0   0   0   0   0   0   0   0   0   0]
 [  0   0   0   0   0   0   0   0   0   0   0   0   0   0   0   0   0   0
    0   0   0   0   0   0   0   0   0   0   0   0   0   0   0   0   0   0
    0   0   0   0   0   0   0   0   0   0   0   0   0   0   0   0   0   0
    0   0   0   0   0   0   0   0   0   0   0]
 [  0   0   0   0   0   0   2   1   0   0   0   0   0   0   0   0   0   0
    0   0   0   0   0   0   4   0   0   0   0   0   0   1   0   0   7   0
    0   0   0   0   0   0   0   0   0   0   0   0   0   1   0   1   0   0
    0   0   0   0   0   0   0   0   0   0   0]
 [  0   0   0   0   0   0   0   0   0   0   0   0   0   0   0   0   0   0
    0   0   0   0   0   0   0   0   0   0   0   0   0   0   0   1   0   5
    0   0   1   0   0   0   0   0   0   0   0   0   0   0   0   0   2   0
    0   0   0   0   0   0   0   0   0   0   0]
 [  0   0   0   0   0   0   0   0   0   0   0   0   0   0   0   0   0   0
    0   0   0   0   0   0   0   0   0   0   0   0   0   0   0   0   0   0
    0   0   0   0   0   0   0   0   0   0   0   0   0   0   0   0   0   0
    0   0   0   0   0   0   0   0   0   0   0]
 [  0   0   0   0   0   0   0   0   0   0   0   0   0   0   0   0   0   0
    0   0   0   0   0   0   0   0   0   0   0   0   0   0   0   0   0   0
    0   1   0   0   2   0   0   0   0   0   0   0   0   0   0   0   0   0
    0   0   0   0   0   0   0   0   0   0   0]
 [  0   0   0   0   0   0   0   0   0   0   0   0   0   0   0   0   0   0
    0   0   0   0   0   0   0   0   0   0   0   0   0   0   0   0   0   0
    0   0   3   0   0   0   0   0   0   0   0   0   0   0   0   0   1   0
    0   0   0   1   0   0   0   0   0   0   0]
 [  0   2   0   0   0   0   0   0   0   0   0   0   0   0   0   0   0   2
    0   0   0   0   0   0   0   0   0   0   0   0   0   0   0   0   0   0
    0   0   0   1   1   0   0   0   0   0   0   0   0   0   0   0   0   0
    0   0   0   0   0   0   0   0   0   0   0]
 [  0   0   0   0   0   0   0   0   0   0   0   0   0   0   0   0   0   0
    0   0   0   0   0   0   0   0   0   0   0   0   0   0   0   0   0   0
    0   0   0   0   5   0   0   0   0   0   0   0   0   0   0   0   0   0
    0   1   0   0   0   0   0   0   0   0   0]
 [  0   0   0   0   3   0   0   0   0   0   0   0   0   0   0   0   0   0
    0   0   0   0   0   0   0   0   0   0   3   0   0   0   0   0   0   0
    0   0   0   0   0  25   0   0   0   0   0   0   0   0   0   0   0   0
    0   0   0   0   0   0   0   0   0   0   0]
 [  0   0   0   0   0   0   0   0   0   0   0   0   0   0   0   0   0   0
    0   0   0   0   0   0   0   0   0   0   0   0   0   0   0   0   0   0
    0   0   0   0   0   0   0   0   1   0   0   0   0   0   0   0   0   0
    0   0   0   0   0   0   0   0   0   0   0]
 [  0   0   0   0   0   0   0   0   0   0   0   0   0   0   0   0   0   0
    0   0   0   0   0   0   0   0   0   0   0   0   0   0   0   0   0   0
    0   0   0   0   0   0   2   4   0   0   0   0   0   0   0   0   0   0
    0   0   0   0   0   0   0   0   0   0   0]
 [  2   0   0   7   0   0   0   0   0   0   0   0   0   0   0   0   1   0
    0   0   0   3   0   0   0   0   0   0   0   0   0   0   0   0   0   0
    0   0   0   0   0   0   0   0   7   1   0   0   0   0   0   0   0   0
    1   0   0   0   0   0   0   1   0   0   0]
 [  0   0   0   2   0   0   0   0   0   0   0   0   0   0   0   0   1   0
    0   0   0   0   0   0   0   0   0   0   0   0   0   0   0   0   0   0
    0   0   0   0   0   0   0   0   0  54   0   0   0   0   0   0   0   0
    0   0   5   0   0   0   0   3   0   0   0]
 [  0   0   0   0   0   0   0   0   0   0   0   0   0   0   0   0   0   0
    0   0   0   0   0   0   0   0   0   0   0   0   0   0   0   0   0   0
    0   0   0   0   0   0   0   0   0   0   4   0   0   0   0   0   0   0
    0   0   0   0   0   0   0   0   0   0   0]
 [  0   0   0   0   0   0   0   0   0   0   0   0   0   0   0   0   0   0
    0  22   0   1   0   3   0   0   0   0   0   0   0   0   1   0   0   0
    0   0   0   0   0   0   0   0   0   0   0  93   0   0   0   1   0   0
    0   0   0   0   0   0   0   1   0   0   0]
 [  0   0   0   0   0   0   0   0   0   0   0   0   0   0   0   0   0   0
    0   0   0   0   0   0   0   0   0   0   0   0   0   0   0   0   0   0
    0   0   0   0   0   0   0   0   0   0   0   0   0   0   0   0   0   0
    0   0   0   0   0   0   0   0   0   0   0]
 [  0   0   0   0   0   0   0   0   0   1   0   0   0   0   0   0   0   0
    0   0   0   0   0   0   0   0   0   0   0   0   0   0   0   0   0   0
    0   0   0   0   0   0   0   0   0   0   0   0   0   9   0   0   0   0
    0   0   0   0   0   1   0   0   0   0   0]
 [  0   0   0   0   0   0   0   0   0   0   0   0   0   0   0   0   0   0
    0   0   0   0   0   0   0   0   0   0   0   0   0   0   0   0   0   0
    0   0   0   0   0   0   0   0   0   0   0   0   0   0   5   0   1   0
    0   0   0   0   0   0   0   0   1   0   0]
 [  0   0   0   0   0   0   3   1   0   0   0   0   0   0   0   0   0   0
    0   0   0   0   0   0   2   0   0   0   0   0   0   9   0   0   0   0
    0   0   0   0   0   0   0   0   0   0   0   0   0   0   0  12   0   0
    0   0   0   0   0   2   0   0   0   0   0]
 [  0   0   0   0   0   0   0   0   0   0   0   0   0   0   0   0   0   0
    0   0   0   0   0   0   0   0   0   0   0   0   0   0   0   0   0   2
    0   0   0   0   0   0   0   0   0   0   0   0   0   0   0   0   5   0
    0   0   0   0   0   0   0   0   0   0   0]
 [  0   0   0   0   0   0   0   0   0   0   0   0   0   0   0   0   0   0
    0   0   0   0   0   0   0   0   0   0   0   0   0   0   0   0   0   0
    0   0   0   1   0   0   0   0   0   0   0   0   0   0   0   0   0   0
    0   0   0   0   0   0   0   0   0   0   0]
 [  0   0   0   0   0   0   0   0   0   0   0   0   0   0   0   0   0   0
    0   0   0   0   0   0   0   0   0   0   0   0   0   0   0   0   0   0
    0   0   0   0   0   0   0   0   0   1   0   0   0   0   0   0   0   0
    3   0   0   0   0   0   0   0   0   0   0]
 [  0   0   0   0   0   0   0   0   0   0   0   0   0   0   0   0   0   0
    0   0   0   0   0   0   0   0   0   0   0   0   0   0   0   0   0   1
    0   0   0   0   0   0   0   0   0   0   0   0   0   0   0   0   0   0
    0  19   0   0   0   0   0   0   0   0   0]
 [  0   0   0   0   0   0   0   0   0   0   2   0   0   0   0   0   0   0
    0   0   0   0   0   0   0   0   0   0   0   0   0   0   0   0   0   0
    0   0   0   0   0   0   0   0   0   2   0   0   0   0   0   0   0   0
    0   0  70   0   0   0   0   7   0   0   0]
 [  0   0   0   0   0   0   0   0   0   0   0   0   0   0   0   0   0   1
    0   0   0   0   0   2   0   0   0   0   0   0   0   0   0   0   0   0
    0   0   0   0   0   0   0   0   0   0   0   0   0   0   0   0   0   0
    0   0   0  15   0   0   0   0   0   0   0]
 [  0   0   0   0   0   0   2   6   0   3   0   0   0   0   0   0   0   0
    0   0   0   0   0   0   1   0   0   0   0   0   0   1   0   0   3   0
    0   0   0   0   0   0   0   0   0   0   0   0   0   0   0   2   0   0
    0   0   0   0   3   0   0   0   0   0   0]
 [  0   0   0   0   0   0   3   0   0   2   0   0   0   0   0   0   0   0
    0   0   0   0   0   0   2   0   0   0   0   0   0   3   0   0   0   0
    0   0   0   0   0   0   0   0   0   0   0   0   0   0   0   1   0   0
    0   0   0   0   1  35   0   0   0   0   0]
 [  0   1   0   0   0   0   0   0   0   0   0   0   0   0   0   0   0   0
    0   0   0   0   0   0   0   0   0   0   0   0   0   0   0   0   0   0
    0   0   0   0   0   0   0   0   0   0   0   0   0   0   0   0   0   0
    0   0   0   0   0   0  10   0   0   0   0]
 [  0   0   0   0   0   0   0   0   0   0   0   0   1   0   0   0   0   0
    0   0   0   0   0   0   0   0   0   0   0   0   0   0   0   0   0   0
    0   0   0   0   0   0   0   0   0   3   0   0   0   0   0   0   0   0
    0   0   5   0   0   0   0 204   0   0   0]
 [  0   0   0   0   0   0   0   0   0   0   0   0   0   0   0   0   0   0
    0   0   0   0   0   0   0   0   0   0   0   1   0   0   0   0   0   1
    0   0   0   0   0   0   0   0   0   0   0   0   0   0   1   0   0   0
    0   0   0   0   0   0   0   0   6   1   0]
 [  0   0   0   0   0   0   0   0   0   0   0   0   0   0   0   0   0   0
    0   0   0   0   0   0   0   0   0   0   0   0   0   0   0   0   0   0
    0   0   0   0   0   0   0   :q0   0   0   0   0   0   0   0   0   0   0
    0   0   0   0   0   0   1   0   0   0   0]
 [  2  14   2   6   3   8  20   1   5   5   2   5   6   3   3   2   7   5
    1  36   5   3   1  36   5   0   1   1   4   5   6  24   3   0   0   6
    3   5  34  12   0   3   3   0   5   7   0   9   3   7   7   4   5   4
    1   6   9  27   3  26  14  37   9   0   0]]

accuracy:  0.591

bleu for abnormality:  0.03378467496469958

bleu for all answers:  0.14315601586940035

Saving the final model...
Model saved at /home/leishi/vqa2019/models/pretrained/2019043015_model.pt
