Loading MED Embedding ......
Done.16545452 words loaded!

1 epoch begins...

2 epoch begins...

3 epoch begins...

4 epoch begins...

5 epoch begins...

6 epoch begins...

7 epoch begins...

8 epoch begins...

9 epoch begins...

10 epoch begins...
2019-05-01 18:23:42.015676 Train Epoch10: Classification Loss: 70.7933; Producing Loss: 362.3890
10 epoch ends 


11 epoch begins...

12 epoch begins...

13 epoch begins...

14 epoch begins...

15 epoch begins...

16 epoch begins...

17 epoch begins...

18 epoch begins...

19 epoch begins...

20 epoch begins...
2019-05-01 18:52:19.769231 Train Epoch20: Classification Loss: 61.0129; Producing Loss: 268.3727
20 epoch ends 


21 epoch begins...

22 epoch begins...

23 epoch begins...

24 epoch begins...

25 epoch begins...

26 epoch begins...

27 epoch begins...

28 epoch begins...

29 epoch begins...

30 epoch begins...
2019-05-01 19:20:55.115858 Train Epoch30: Classification Loss: 55.1497; Producing Loss: 204.5691
30 epoch ends 


31 epoch begins...

32 epoch begins...

33 epoch begins...

34 epoch begins...

35 epoch begins...

36 epoch begins...

37 epoch begins...

38 epoch begins...

39 epoch begins...

40 epoch begins...
2019-05-01 19:49:30.353740 Train Epoch40: Classification Loss: 51.4149; Producing Loss: 163.3567
40 epoch ends 


41 epoch begins...

42 epoch begins...

43 epoch begins...

44 epoch begins...

45 epoch begins...

46 epoch begins...

47 epoch begins...

48 epoch begins...

49 epoch begins...

50 epoch begins...
2019-05-01 20:18:06.304410 Train Epoch50: Classification Loss: 46.9179; Producing Loss: 132.7769
50 epoch ends 


51 epoch begins...

52 epoch begins...

53 epoch begins...

54 epoch begins...

55 epoch begins...

56 epoch begins...

57 epoch begins...

58 epoch begins...

59 epoch begins...

60 epoch begins...
2019-05-01 20:46:42.168575 Train Epoch60: Classification Loss: 40.2988; Producing Loss: 100.8250
60 epoch ends 


61 epoch begins...

62 epoch begins...

63 epoch begins...

64 epoch begins...

65 epoch begins...

66 epoch begins...

67 epoch begins...

68 epoch begins...

69 epoch begins...

70 epoch begins...
2019-05-01 21:15:25.106086 Train Epoch70: Classification Loss: 37.8261; Producing Loss: 87.0658
70 epoch ends 


71 epoch begins...

72 epoch begins...

73 epoch begins...

74 epoch begins...

75 epoch begins...

76 epoch begins...

77 epoch begins...

78 epoch begins...

79 epoch begins...

80 epoch begins...
2019-05-01 21:44:11.239689 Train Epoch80: Classification Loss: 35.7983; Producing Loss: 81.5644
80 epoch ends 


81 epoch begins...

82 epoch begins...

83 epoch begins...

84 epoch begins...

85 epoch begins...

86 epoch begins...

87 epoch begins...

88 epoch begins...

89 epoch begins...

90 epoch begins...
2019-05-01 22:12:58.057230 Train Epoch90: Classification Loss: 34.0709; Producing Loss: 70.9984
90 epoch ends 


91 epoch begins...

92 epoch begins...

93 epoch begins...

94 epoch begins...

95 epoch begins...

96 epoch begins...

97 epoch begins...

98 epoch begins...

99 epoch begins...

100 epoch begins...
2019-05-01 22:41:48.503740 Train Epoch100: Classification Loss: 31.8593; Producing Loss: 66.9269
100 epoch ends 

Validation starts ...
saved to /home/leishi/vqa2019/results/predictions_100epoch.txt

confusion matrix
[[ 18   0   0   5   0   0   0   0   0   0   0   0   0   0   0   0   0   0
    0   0   0   2   0   0   0   0   0   0   0   0   0   0   0   0   0   0
    0   0   0   0   0   0   0   1   0   0   0   0   0   0   0   0   0   0
    0   1   0   0   0   0   3   0   0   0]
 [  0   1   0   0   0   0   0   0   0   0   0   0   0   0   0   0   0   0
    0   0   0   0   0   0   0   0   0   0   0   0   0   0   0   0   0   0
    0   0   0   0   0   0   0   0   0   0   0   0   0   2   0   0   0   0
    0   0   0   0   0   1   0   1   0   0]
 [  0   0   6   0   0   0   0   0   0   0   0   0   0   0   0   0   0   0
    0   0   0   0   0   2   0   0   0   0   0   0   0   0   0   0   0   0
    0   0   0   0   0   0   0   0   0   0   0   0   0   0   0   0   0   0
    0   0   0   0   0   0   0   0   0   0]
 [  4   0   0  22   0   0   0   0   0   0   0   0   0   0   0   0   1   0
    0   0   0   3   0   0   0   0   0   0   0   0   0   0   0   0   0   0
    0   0   0   0   0   0   0   2   2   0   0   0   0   0   0   0   0   0
    0   0   0   0   0   0   0   0   0   0]
 [  0   0   0   0  15   0   0   0   0   0   0   0   0   0   0   0   0   0
    0   0   0   0   0   0   0   0   0   0   0   0   0   0   0   0   0   0
    0   0   0   0   2   0   0   0   0   0   0   0   0   0   0   0   0   0
    0   0   0   0   0   0   0   0   0   0]
 [  0   0   0   0   0   0   0   0   0   0   0   0   0   0   0   0   0   0
    0   0   0   0   0   0   0   0   0   0   0   0   0   0   0   0   0   0
    0   0   0   0   0   0   0   0   0   0   0   0   0   0   0   0   0   0
    0   0   0   0   0   0   0   0   0   0]
 [  0   0   0   0   0   0  62   5   0   0   0   0   0   0   0   0   0   0
    0   0   0   0   0   0   0   0   0   0   0   0   0   0   1   0   2   0
    0   0   0   0   0   0   0   0   0   0   0   0   1   0   1   0   0   0
    0   0   0   1   3   0   0   0   0   0]
 [  0   0   0   0   0   0   3  36   0   7   0   0   0   0   0   0   0   0
    0   0   0   0   0   0   4   0   0   0   0   0   0   0   1   0   1   0
    0   0   0   0   0   0   0   0   0   0   0   0   0   0   4   0   0   0
    0   0   0   3   0   0   0   0   0   0]
 [  0   0   0   0   0   0   0   0   0   0   0   0   0   0   0   0   0   0
    0   0   0   0   0   0   0   0   0   0   0   0   0   0   0   0   0   0
    0   0   0   1   0   0   0   0   0   0   0   0   0   0   0   0   0   0
    0   0   0   0   0   0   0   0   0   0]
 [  0   0   0   0   0   0   2  12   0  11   0   0   0   0   0   0   0   0
    0   0   0   0   0   0   0   0   0   0   0   0   0   0   1   0   0   0
    0   0   0   0   0   0   0   0   0   0   0   0   0   0   0   0   0   0
    0   0   0   4   0   0   0   0   0   0]
 [  0   0   0   0   0   0   0   0   0   0   0   0   1   0   0   0   0   0
    0   0   0   0   0   0   0   0   0   0   0   0   0   0   0   0   0   0
    0   0   0   0   0   0   0   1   0   0   0   0   0   0   0   0   0   0
    0   0   0   0   0   0   1   0   0   0]
 [  0   0   0   0   0   0   0   0   0   0   0   0   0   0   0   0   0   0
    0   0   0   0   0   0   0   0   0   0   0   0   0   0   0   0   0   0
    0   0   0   0   0   0   0   0   0   0   0   0   0   0   0   0   0   0
    0   0   0   0   0   0   0   0   0   0]
 [  0   0   0   0   0   0   0   0   0   0   1   0   4   0   0   0   0   0
    0   0   0   0   0   0   0   0   0   0   0   0   0   0   0   0   0   0
    0   0   0   0   0   0   0   0   0   0   0   0   0   0   0   0   0   0
    0   2   0   0   0   0   0   0   0   0]
 [  0   0   0   0   0   0   0   0   0   0   0   0   0   2   0   0   0   0
    0   0   0   0   0   1   0   0   0   1   0   0   0   0   0   0   0   0
    0   0   0   0   0   0   0   0   0   0   0   0   0   0   0   0   0   0
    0   0   0   0   0   0   0   0   0   0]
 [  0   0   0   0   0   0   0   0   0   0   0   0   0   0   0   0   0   0
    0   0   0   0   0   0   0   0   0   0   0   0   0   0   0   0   0   0
    0   0   0   0   0   0   0   0   0   0   0   0   0   1   0   0   0   0
    0   0   0   0   0   0   0   1   0   0]
 [  0   0   0   0   0   0   0   0   0   0   0   0   0   0   0   0   0   0
    0   0   0   0   0   0   0   0   0   0   0   0   0   0   0   0   0   0
    0   0   0   0   0   0   0   0   0   0   0   0   0   0   0   0   0   0
    0   0   0   0   0   0   0   0   0   0]
 [  5   0   0   3   0   0   0   0   0   0   0   0   0   0   0   0   0   0
    0   0   0   0   0   0   0   0   0   0   0   0   0   0   0   0   0   0
    0   0   0   0   0   0   0   1   1   0   0   0   0   0   0   0   0   1
    0   0   0   0   0   0   0   0   0   0]
 [  0   0   0   0   0   0   0   0   0   0   0   0   0   0   0   0   0   1
    0   0   0   0   0   0   0   0   0   0   0   0   1   0   0   0   0   0
    0   2   0   0   0   0   0   0   0   0   0   0   0   0   0   0   1   0
    0   0   0   0   0   0   0   0   0   0]
 [  0   0   0   0   0   0   0   0   0   0   0   0   0   0   0   0   0   0
    0   0   0   0   0   0   0   0   0   0   0   0   0   0   0   0   0   0
    0   0   0   0   0   0   0   0   0   0   0   0   0   0   0   1   0   0
    0   0   0   0   0   0   0   0   0   0]
 [  0   0   1   0   0   0   0   0   1   0   0   0   0   0   0   0   0   0
    0  59   0   1   0   5   0   0   0   0   0   0   0   0   0   0   0   0
    0   0   0   0   0   0   0   1   0   0  10   0   0   0   0   0   0   0
    1   0   0   0   0   0   1   0   0   0]
 [  0   0   0   0   0   0   0   0   0   0   0   0   0   0   0   0   0   0
    0   0  14   0   2   0   0   0   0   0   0   0   0   0   0   0   0   0
    0   0   0   0   0   0   0   0   0   0   0   0   0   0   0   0   0   0
    0   0   0   0   0   0   0   0   0   0]
 [  2   0   0   3   0   0   0   0   0   0   0   0   0   0   0   0   0   0
    0   0   0  13   0   0   0   0   0   0   0   0   0   0   0   0   0   0
    0   0   0   0   0   0   0   2   0   0   0   0   0   0   0   0   0   0
    0   0   0   0   0   0   0   0   0   0]
 [  0   0   0   0   0   0   0   0   0   0   0   0   0   0   0   0   0   0
    0   0   9   0   7   0   0   0   0   0   0   0   0   0   0   0   0   0
    0   0   0   0   0   0   0   0   0   0   0   0   0   0   0   0   0   0
    0   0   0   0   0   0   0   0   0   0]
 [  0   0   0   0   0   0   0   0   0   0   0   0   0   0   0   0   0   0
    0   0   0   0   0  84   0   0   0   0   0   0   0   0   0   0   0   0
    0   0   0   0   0   0   0   0   0   0   0   0   0   0   0   1   0   0
    0   0   1   0   0   0   0   0   0   0]
 [  0   0   0   0   0   0   1   1   0   0   0   0   0   0   0   0   0   0
    0   0   0   0   0   0  24   0   0   0   0   0   0   0   2   0   4   0
    0   0   0   0   0   0   0   0   0   0   0   0   0   0   0   0   0   0
    0   0   0   1   0   0   0   0   0   0]
 [  1   0   0   0   0   0   0   0   0   0   0   0   0   0   0   0   0   0
    0   0   0   0   0   0   0   0   0   0   0   0   0   0   0   0   0   0
    0   0   0   0   0   0   0   0   0   0   0   0   0   0   0   0   0   0
    0   0   0   0   0   0   0   0   0   0]
 [  0   0   0   0   0   0   0   0   0   0   0   0   0   0   0   0   0   0
    0   0   0   0   0   0   0   0   0   0   0   0   0   0   0   0   0   0
    0   0   0   0   0   0   0   0   0   0   0   0   0   0   0   0   0   0
    0   0   0   0   0   0   0   0   0   0]
 [  0   0   0   0   0   0   0   0   0   0   0   0   0   2   0   0   0   0
    0   0   0   0   0   1   0   0   0   0   0   0   0   0   0   2   0   0
    0   0   0   0   0   0   0   0   0   0   0   0   0   0   0   0   0   0
    0   0   0   0   0   0   0   0   0   0]
 [  0   0   0   0   0   0   0   0   0   0   0   0   0   0   0   0   0   0
    0   0   0   0   0   0   0   0   0   0   4   0   0   0   0   0   0   0
    0   0   0   0   2   0   0   0   0   0   0   0   0   0   0   0   0   0
    0   0   0   0   0   0   0   0   0   0]
 [  0   0   0   0   0   0   0   0   0   0   0   0   0   0   0   0   0   0
    0   0   0   0   0   0   0   0   0   0   0   0   0   0   0   0   0   0
    0   0   0   0   0   0   0   0   0   0   0   0   0   0   0   0   0   0
    0   0   0   0   0   0   0   0   0   0]
 [  0   0   0   0   0   0   0   0   0   0   0   0   0   0   0   0   0   0
    0   0   0   0   0   0   0   0   0   0   0   0   1   0   0   0   0   0
    0   0   1   0   0   0   0   0   0   0   0   0   0   0   0   0   0   0
    0   0   0   0   0   0   0   1   0   0]
 [  0   0   0   0   0   0   0   0   0   0   0   0   0   0   0   0   0   0
    0   0   0   0   0   0   0   0   0   0   0   0   0   2   0   0   0   0
    0   0   0   0   0   0   0   0   0   0   0   0   0   0   0   0   0   0
    0   0   0   0   0   0   0   0   0   0]
 [  0   0   0   0   0   0   2   0   0   2   0   0   0   0   0   0   0   0
    0   0   0   0   0   0   1   0   0   0   0   0   0   0 157   0   0   0
    0   0   0   0   0   0   0   0   0   0   0   0   2   0  10   0   0   0
    0   0   0   1   2   0   0   0   0   0]
 [  0   0   0   0   0   1   0   0   0   0   0   0   0   0   0   0   0   0
    0   0   0   0   0   1   0   0   0   0   0   0   0   0   0   2   0   0
    0   0   0   0   0   0   0   0   0   0   0   0   0   0   0   0   0   0
    0   0   0   0   0   0   0   0   0   0]
 [  0   0   0   0   0   0   1   1   0   1   0   0   0   0   0   0   0   0
    0   0   0   0   0   0   5   0   0   0   0   0   0   0   1   0   7   0
    0   0   0   0   0   0   0   0   0   0   0   0   0   0   0   0   0   0
    0   0   0   1   0   0   0   0   0   0]
 [  0   0   0   0   0   0   0   0   0   0   0   0   0   0   0   0   0   0
    0   0   0   0   0   0   0   0   0   0   0   0   0   0   0   0   0   4
    0   0   0   0   0   0   0   0   0   0   0   0   0   0   0   3   0   0
    0   0   0   0   0   0   0   2   0   0]
 [  0   0   0   0   0   0   0   0   0   0   0   0   0   0   0   0   0   0
    0   0   0   0   0   0   0   0   0   0   0   0   0   0   0   0   0   0
    1   0   0   2   0   0   0   0   0   0   0   0   0   0   0   0   0   0
    0   0   0   0   0   0   0   0   0   0]
 [  0   0   0   0   0   0   0   0   0   0   0   0   0   0   0   0   0   1
    0   0   0   0   0   0   0   0   0   0   0   0   0   0   0   0   0   0
    0   2   0   0   0   0   0   0   0   0   0   0   0   0   0   1   0   0
    0   0   1   0   0   0   0   0   0   0]
 [  0   0   0   0   0   0   0   0   0   0   0   0   0   0   0   0   0   1
    0   0   0   0   0   0   0   0   0   0   0   0   1   0   0   0   0   0
    0   1   0   1   0   0   0   0   0   0   0   0   0   1   0   0   1   0
    0   0   0   0   0   0   0   0   0   0]
 [  0   0   0   0   0   0   0   0   0   0   0   0   0   0   0   0   0   0
    0   0   0   0   0   0   0   0   0   0   0   0   0   0   0   0   0   0
    2   0   0   3   0   0   0   0   0   0   0   0   0   0   0   0   0   0
    1   0   0   0   0   0   0   0   0   0]
 [  0   0   0   0   2   0   0   0   0   0   0   0   0   0   0   0   0   0
    0   0   0   0   0   0   0   0   0   0   1   0   0   0   0   0   0   0
    0   0   0   0  28   0   0   0   0   0   0   0   0   0   0   0   0   0
    0   0   0   0   0   0   0   0   0   0]
 [  0   0   0   0   0   0   0   0   0   0   0   0   0   0   0   0   0   0
    0   0   0   0   0   0   0   0   0   0   0   0   0   0   0   0   0   0
    0   0   0   0   0   0   0   0   0   0   0   0   0   0   0   0   0   0
    0   0   0   0   0   0   1   0   0   0]
 [  1   0   0   0   0   0   0   0   0   0   0   0   0   0   0   0   0   0
    0   0   0   0   0   0   0   0   0   0   0   0   0   0   0   0   0   0
    0   0   0   0   0   3   2   0   0   0   0   0   0   0   0   0   0   0
    0   0   0   0   0   0   0   0   0   0]
 [  2   0   0   9   0   0   0   0   0   0   0   0   0   0   0   0   1   0
    0   0   0   5   0   0   0   0   0   0   0   0   0   0   0   0   0   0
    0   0   0   0   0   0   0   4   0   0   0   0   0   0   0   0   0   0
    0   0   0   0   0   0   2   0   0   0]
 [  1   0   0   1   0   0   0   0   0   0   0   0   1   0   0   0   0   0
    0   0   0   0   0   0   0   0   0   0   0   0   0   0   0   0   0   0
    0   0   0   0   0   0   0   0  42   0   0   0   0   0   0   0   0   0
    0  10   0   0   0   0  10   0   0   0]
 [  0   0   0   0   0   0   0   0   0   0   0   0   0   0   0   0   0   0
    0   0   0   0   0   0   0   0   0   0   0   0   0   0   0   0   0   0
    0   0   0   0   0   0   0   0   0   4   0   0   0   0   0   0   0   0
    0   0   0   0   0   0   0   0   0   0]
 [  0   0   0   0   0   0   1   0   0   0   0   0   0   1   0   0   0   0
    0   6   0   1   0   3   0   0   0   0   1   0   0   0   0   0   0   0
    0   0   0   0   1   0   0   0   0   0 108   0   0   0   0   0   0   0
    0   0   0   0   0   0   0   0   0   0]
 [  0   0   0   0   0   0   0   0   0   0   0   0   0   0   0   0   0   0
    0   0   0   0   0   0   0   0   0   0   0   0   0   0   0   0   0   0
    0   0   0   0   0   0   0   0   0   0   0   0   0   0   0   0   0   0
    0   0   0   0   0   0   0   0   0   0]
 [  0   0   0   0   0   0   0   0   0   1   0   0   0   0   0   0   0   0
    0   0   0   0   0   0   1   0   0   0   0   0   0   0   0   0   0   0
    0   0   0   0   0   0   0   0   0   0   0   0   8   0   0   0   0   0
    0   0   0   0   1   0   0   0   0   0]
 [  0   0   0   0   0   0   0   0   0   0   0   0   0   0   0   0   0   0
    0   0   0   0   0   0   0   0   0   0   0   0   0   0   0   0   0   0
    0   0   0   0   0   0   0   0   0   0   0   0   0   3   0   0   0   0
    0   0   0   0   0   1   0   2   1   0]
 [  0   0   0   0   0   0   4   0   0   2   0   0   0   0   0   0   0   0
    0   0   0   0   0   0   0   0   0   0   0   0   0   0   9   0   0   0
    0   0   0   0   0   0   0   0   0   0   0   0   0   0  10   0   0   0
    0   0   0   1   3   0   0   0   0   0]
 [  0   0   0   0   0   0   0   0   0   0   0   0   0   0   0   0   0   0
    0   0   0   0   0   0   0   0   0   0   0   0   0   0   0   0   0   1
    0   0   0   0   0   0   0   0   0   0   0   0   0   0   0   5   0   0
    0   0   0   0   0   0   0   1   0   0]
 [  0   0   0   0   0   0   0   0   0   0   0   0   0   0   0   0   0   0
    0   0   0   0   0   0   0   0   0   0   0   0   0   0   0   0   0   0
    0   0   0   0   0   0   0   0   0   0   0   0   0   0   0   0   1   0
    0   0   0   0   0   0   0   0   0   0]
 [  0   0   0   0   0   0   0   0   0   0   0   0   0   0   0   0   0   0
    0   0   0   0   0   0   0   0   0   0   0   0   0   0   0   0   0   0
    0   0   0   0   0   0   0   0   1   0   0   0   0   0   0   0   0   1
    0   1   0   0   0   0   1   0   0   0]
 [  0   0   0   0   0   0   0   0   0   0   0   0   0   0   0   0   0   0
    0   0   0   0   0   0   0   0   0   0   0   0   0   0   0   0   0   0
    0   1   0   0   0   0   0   0   0   0   0   0   0   0   0   0   0   0
   19   0   0   0   0   0   0   0   0   0]
 [  0   0   0   0   0   0   0   0   0   0   1   0   1   0   0   0   0   0
    0   0   0   0   0   0   0   0   0   0   0   0   0   0   0   0   0   0
    0   0   0   0   0   0   0   0   6   0   0   0   0   0   0   0   0   0
    0  65   0   0   0   0   8   0   0   0]
 [  0   0   0   0   0   0   0   0   0   0   0   0   0   0   0   0   0   1
    0   0   0   0   0   1   0   0   0   0   0   0   0   0   0   0   0   0
    0   1   0   0   0   0   0   0   0   0   0   0   0   0   0   0   0   0
    0   0  15   0   0   0   0   0   0   0]
 [  0   0   0   0   0   0   2   3   0   3   0   0   0   0   0   0   0   0
    0   0   0   0   0   0   3   0   0   0   0   0   0   0   3   0   1   0
    0   0   0   0   0   0   0   0   0   0   0   0   1   0   1   0   0   0
    0   0   0   4   0   0   0   0   0   0]
 [  0   0   0   0   0   0   1   3   0   0   0   0   0   0   0   0   0   0
    0   0   0   0   0   0   2   0   0   0   0   0   0   0   7   0   0   0
    0   0   0   0   0   0   0   0   0   0   0   0   0   0   2   0   0   0
    0   0   0   2  30   0   0   0   0   0]
 [  0   1   0   0   0   0   0   0   0   0   0   0   0   0   0   0   0   0
    0   0   0   0   0   0   0   0   0   0   0   0   0   0   0   0   0   0
    0   0   0   0   0   0   0   0   0   0   0   0   0   0   0   0   0   0
    0   0   0   0   0  10   0   0   0   0]
 [  0   0   0   0   0   0   0   0   0   0   0   0   3   0   0   0   0   0
    0   0   0   0   0   0   0   0   0   0   0   0   0   0   0   0   0   0
    0   0   0   0   0   0   0   0   4   0   0   0   0   0   0   0   0   0
    0   3   0   0   0   0 203   0   0   0]
 [  0   1   0   0   0   0   0   0   0   0   0   0   0   0   0   0   0   0
    0   0   0   0   0   0   0   0   0   0   0   0   0   0   0   0   0   0
    0   0   0   0   0   0   0   0   0   0   0   0   0   0   0   1   0   0
    0   0   0   0   0   0   0   8   0   0]
 [  0   0   0   0   0   0   0   0   0   0   0   0   0   0   0   0   0   0
    0   0   0   0   0   0   0   0   0   0   0   0   0   0   0   0   0   0
    0   0   0   0   0   0   0   0   0   0   0   0   0   0   0   0   0   0
    0   0   0   0   0   1   0   0   0   0]
 [  3   6   1   5   9   1  10   0   0  14   0   1   6   9   1   1   9   6
    2  10   8   1  15  76   2   0   2   5   0   2  14   1  53   2   4   1
    6   7  12   3  20   3   0   2   6   0   0   4  12   3  17   2   3   0
   15   6  11   5  15   1  44   2   0   0]]

accuracy:  0.566

bleu for abnormality:  0.02007718136580571

bleu for all answers:  0.13365594825193539

Saving checkpoints

101 epoch begins...

102 epoch begins...

103 epoch begins...

104 epoch begins...

105 epoch begins...

106 epoch begins...

107 epoch begins...

108 epoch begins...

109 epoch begins...

110 epoch begins...
2019-05-01 23:10:56.375911 Train Epoch110: Classification Loss: 27.6097; Producing Loss: 54.4996
110 epoch ends 


111 epoch begins...

112 epoch begins...

113 epoch begins...

114 epoch begins...

115 epoch begins...

116 epoch begins...

117 epoch begins...

118 epoch begins...

119 epoch begins...

120 epoch begins...
2019-05-01 23:39:35.561208 Train Epoch120: Classification Loss: 25.2402; Producing Loss: 49.6879
120 epoch ends 


121 epoch begins...

122 epoch begins...

123 epoch begins...

124 epoch begins...

125 epoch begins...

126 epoch begins...

127 epoch begins...

128 epoch begins...

129 epoch begins...

130 epoch begins...
2019-05-02 00:08:15.656232 Train Epoch130: Classification Loss: 25.0176; Producing Loss: 46.9244
130 epoch ends 


131 epoch begins...

132 epoch begins...

133 epoch begins...

134 epoch begins...

135 epoch begins...

136 epoch begins...

137 epoch begins...

138 epoch begins...

139 epoch begins...

140 epoch begins...
2019-05-02 00:36:55.301347 Train Epoch140: Classification Loss: 23.4102; Producing Loss: 46.3793
140 epoch ends 


141 epoch begins...

142 epoch begins...

143 epoch begins...

144 epoch begins...

145 epoch begins...

146 epoch begins...

147 epoch begins...

148 epoch begins...

149 epoch begins...

150 epoch begins...
2019-05-02 01:05:42.199488 Train Epoch150: Classification Loss: 22.6961; Producing Loss: 43.2521
150 epoch ends 


151 epoch begins...

152 epoch begins...

153 epoch begins...

154 epoch begins...

155 epoch begins...

156 epoch begins...

157 epoch begins...

158 epoch begins...

159 epoch begins...

160 epoch begins...
2019-05-02 01:34:22.706246 Train Epoch160: Classification Loss: 20.4231; Producing Loss: 37.6530
160 epoch ends 


161 epoch begins...

162 epoch begins...

163 epoch begins...

164 epoch begins...

165 epoch begins...

166 epoch begins...

167 epoch begins...

168 epoch begins...

169 epoch begins...

170 epoch begins...
2019-05-02 02:03:09.233616 Train Epoch170: Classification Loss: 19.1659; Producing Loss: 38.6375
170 epoch ends 


171 epoch begins...

172 epoch begins...

173 epoch begins...

174 epoch begins...

175 epoch begins...

176 epoch begins...

177 epoch begins...

178 epoch begins...

179 epoch begins...

180 epoch begins...
2019-05-02 02:31:51.894356 Train Epoch180: Classification Loss: 19.1407; Producing Loss: 34.6976
180 epoch ends 


181 epoch begins...

182 epoch begins...

183 epoch begins...

184 epoch begins...

185 epoch begins...

186 epoch begins...

187 epoch begins...

188 epoch begins...

189 epoch begins...

190 epoch begins...
2019-05-02 03:00:30.341474 Train Epoch190: Classification Loss: 18.7980; Producing Loss: 34.9670
190 epoch ends 


191 epoch begins...

192 epoch begins...

193 epoch begins...

194 epoch begins...

195 epoch begins...

196 epoch begins...

197 epoch begins...

198 epoch begins...

199 epoch begins...

200 epoch begins...
2019-05-02 03:29:12.264848 Train Epoch200: Classification Loss: 17.6951; Producing Loss: 34.4628
200 epoch ends 

Validation starts ...
saved to /home/leishi/vqa2019/results/predictions_200epoch.txt

confusion matrix
[[ 17   0   0   8   0   0   0   0   0   0   0   0   0   0   0   0   0   0
    0   1   0   0   0   0   0   0   0   0   0   0   0   0   0   0   0   0
    0   0   0   0   0   0   0   0   1   0   0   0   0   0   0   0   0   0
    0   0   0   0   0   0   0   3   0   0   0]
 [  0   3   0   0   0   0   0   0   0   0   0   0   0   0   0   0   0   0
    0   0   0   0   0   0   0   0   0   0   0   0   0   0   0   0   0   0
    0   0   0   0   0   0   0   0   0   0   0   0   0   0   1   0   0   0
    0   0   0   0   0   0   0   0   1   0   0]
 [  0   0   7   0   0   0   0   0   0   0   0   0   0   0   0   0   0   0
    0   0   0   0   0   1   0   0   0   0   0   0   0   0   0   0   0   0
    0   0   0   0   0   0   0   0   0   0   0   0   0   0   0   0   0   0
    0   0   0   0   0   0   0   0   0   0   0]
 [  2   0   0  24   0   0   0   0   0   0   0   0   0   0   0   0   0   0
    0   2   0   0   0   0   0   0   0   0   0   0   0   0   0   0   0   0
    0   0   0   0   0   0   0   0   5   1   0   0   0   0   0   0   0   0
    0   0   0   0   0   0   0   0   0   0   0]
 [  0   0   0   0  16   0   0   0   0   0   0   0   0   0   0   0   0   0
    0   0   0   0   0   0   0   0   0   0   0   0   0   0   0   0   0   0
    0   0   0   0   0   1   0   0   0   0   0   0   0   0   0   0   0   0
    0   0   0   0   0   0   0   0   0   0   0]
 [  0   0   0   0   0   0   0   0   0   0   0   0   0   0   0   0   0   0
    0   0   0   0   0   0   0   0   0   0   0   0   0   0   0   0   0   0
    0   0   0   0   0   0   0   0   0   0   0   0   0   0   0   0   0   0
    0   0   0   0   0   0   0   0   0   0   0]
 [  0   0   0   0   0   0  61   6   0   0   0   0   0   0   0   0   0   0
    0   0   0   0   0   0   3   0   0   0   0   0   0   0   0   1   0   0
    0   0   0   0   0   0   0   0   0   0   0   0   0   1   0   1   0   0
    0   0   0   0   2   1   0   0   0   0   0]
 [  0   0   0   0   0   0   3  36   0  12   0   0   0   0   0   0   0   0
    0   0   0   0   0   0   4   0   0   0   0   0   0   0   0   2   0   1
    0   0   0   0   0   0   0   0   0   0   0   0   0   0   0   1   0   0
    0   0   0   0   0   0   0   0   0   0   0]
 [  0   0   0   0   0   0   0   0   1   0   0   0   0   0   0   0   0   0
    0   0   0   0   0   0   0   0   0   0   0   0   0   0   0   0   0   0
    0   0   0   0   0   0   0   0   0   0   0   0   0   0   0   0   0   0
    0   0   0   0   0   0   0   0   0   0   0]
 [  0   0   0   0   0   0   2   8   0  14   0   0   0   0   0   0   0   0
    0   0   0   0   0   0   1   0   0   0   0   0   0   0   0   1   0   0
    0   0   0   0   0   0   0   0   0   0   0   0   0   0   0   0   0   0
    0   0   0   0   4   0   0   0   0   0   0]
 [  0   0   0   0   0   0   0   0   0   0   1   0   0   0   0   0   0   0
    0   0   0   0   0   0   0   0   0   0   0   0   0   0   0   0   0   0
    0   0   0   0   0   0   0   0   1   0   0   0   0   0   0   0   0   0
    0   0   0   0   0   0   0   1   0   0   0]
 [  0   0   0   0   0   0   0   0   0   0   2   1   0   0   0   0   0   0
    0   0   0   0   0   0   0   0   0   0   0   0   0   0   0   0   0   0
    0   0   0   0   0   0   0   0   0   1   0   0   0   0   0   0   0   0
    0   0   3   0   0   0   0   0   0   0   0]
 [  0   0   0   0   0   0   0   0   0   0   0   0   2   0   0   0   0   0
    0   0   0   0   0   2   0   0   0   0   0   0   0   0   0   0   0   0
    0   0   0   0   0   0   0   0   0   0   0   0   0   0   0   0   0   0
    0   0   0   0   0   0   0   0   0   0   0]
 [  0   1   0   0   0   0   0   0   0   0   0   0   0   0   0   0   0   0
    0   0   0   0   0   0   0   0   0   0   0   0   0   0   0   0   0   0
    0   0   0   0   0   0   0   0   0   0   0   0   0   0   1   0   0   0
    0   0   0   0   0   0   0   0   0   0   0]
 [  4   0   0   2   0   0   0   0   0   0   0   0   0   0   0   0   0   0
    0   2   0   0   0   0   0   0   0   0   0   0   0   0   0   0   0   0
    0   0   0   0   0   0   0   0   1   1   0   0   0   0   0   0   0   0
    0   0   0   0   0   0   0   1   0   0   0]
 [  0   0   0   0   0   0   0   0   0   0   0   0   0   0   0   1   0   0
    0   0   0   0   0   0   0   0   0   0   0   1   1   0   0   0   0   0
    0   0   2   0   0   0   0   0   0   0   0   0   0   0   0   0   0   0
    0   0   0   0   0   0   0   0   0   0   0]
 [  0   0   0   0   0   0   0   0   0   0   0   0   0   0   0   0   0   0
    0   0   0   0   0   0   0   0   0   0   0   0   0   0   0   0   0   0
    0   0   0   0   0   0   0   0   0   0   0   0   0   0   0   0   1   0
    0   0   0   0   0   0   0   0   0   0   0]
 [  0   0   1   0   0   0   0   0   0   0   1   0   0   0   0   0   0  60
    0   0   0   0   0   5   0   0   0   0   0   0   0   0   0   1   0   0
    0   0   0   0   0   0   0   0   0   1   0  10   0   0   0   0   0   0
    0   0   0   0   0   0   0   1   0   0   0]
 [  0   0   0   0   0   0   0   0   0   0   0   0   0   0   0   0   0   0
   11   0   0   5   0   0   0   0   0   0   0   0   0   0   0   0   0   0
    0   0   0   0   0   0   0   0   0   0   0   0   0   0   0   0   0   0
    0   0   0   0   0   0   0   0   0   0   0]
 [  1   0   0   4   0   0   0   0   0   0   0   0   0   0   1   0   0   0
    0  10   0   0   0   0   0   0   0   0   0   0   0   0   0   0   0   0
    0   0   0   0   0   0   0   0   4   0   0   0   0   0   0   0   0   0
    0   0   0   0   0   0   0   0   0   0   0]
 [  0   0   0   0   0   0   0   0   0   0   0   0   0   0   0   0   0   0
    0   0   0   0   0   0   0   0   0   0   0   0   0   0   0   0   0   0
    0   0   0   0   0   0   0   0   0   0   0   0   0   0   0   0   0   0
    0   0   0   0   0   0   0   0   0   0   0]
 [  0   0   0   0   0   0   0   0   0   0   0   0   0   0   0   0   0   0
   10   0   0   6   0   0   0   0   0   0   0   0   0   0   0   0   0   0
    0   0   0   0   0   0   0   0   0   0   0   0   0   0   0   0   0   0
    0   0   0   0   0   0   0   0   0   0   0]
 [  0   0   0   0   0   0   0   0   0   0   0   0   0   0   0   0   0   0
    0   0   0   0   0   0   0   0   0   0   0   0   0   0   0   0   0   0
    0   0   0   0   0   0   0   0   0   0   0   0   0   0   0   0   0   0
    0   0   0   0   0   0   0   0   0   0   0]
 [  0   0   0   0   0   0   0   0   0   0   0   0   0   0   0   0   0   0
    0   0   0   0   0  85   0   0   0   0   0   0   0   0   0   0   0   0
    0   0   0   0   0   0   0   0   0   0   0   0   0   0   0   0   0   0
    0   0   0   1   0   0   0   0   0   0   0]
 [  0   0   0   0   0   0   1   2   0   0   0   0   0   0   0   0   0   0
    0   0   0   0   0   0  21   0   0   0   0   0   0   0   0   2   0   6
    0   0   0   0   0   0   0   0   0   0   0   0   0   1   0   0   0   0
    0   0   0   0   0   0   0   0   0   0   0]
 [  1   0   0   0   0   0   0   0   0   0   0   0   0   0   0   0   0   0
    0   0   0   0   0   0   0   0   0   0   0   0   0   0   0   0   0   0
    0   0   0   0   0   0   0   0   0   0   0   0   0   0   0   0   0   0
    0   0   0   0   0   0   0   0   0   0   0]
 [  0   0   0   0   0   0   0   0   0   0   0   0   0   0   0   0   0   0
    0   0   0   0   0   0   0   0   0   0   0   0   0   0   0   0   0   0
    0   0   0   0   0   0   0   0   0   0   0   0   0   0   0   0   0   0
    0   0   0   0   0   0   0   0   0   0   0]
 [  0   0   0   0   0   0   0   0   0   0   0   0   1   0   0   0   0   0
    0   0   0   0   0   1   0   0   0   1   0   0   0   0   0   0   2   0
    0   0   0   0   0   0   0   0   0   0   0   0   0   0   0   0   0   0
    0   0   0   0   0   0   0   0   0   0   0]
 [  0   0   0   0   0   0   0   0   0   0   0   0   0   0   0   0   0   0
    0   0   0   0   0   0   0   0   0   0   6   0   0   0   0   0   0   0
    0   0   0   0   0   0   0   0   0   0   0   0   0   0   0   0   0   0
    0   0   0   0   0   0   0   0   0   0   0]
 [  0   0   0   0   0   0   0   0   0   0   0   0   0   0   0   0   0   0
    0   0   0   0   0   0   0   0   0   0   0   0   0   0   0   0   0   0
    0   0   0   0   0   0   0   0   0   0   0   0   0   0   0   0   0   0
    0   0   0   0   0   0   0   0   0   0   0]
 [  0   0   0   0   0   0   0   0   0   0   0   0   0   0   0   0   0   0
    0   0   0   0   0   1   0   0   0   0   0   0   2   0   0   0   0   0
    0   0   0   0   0   0   0   0   0   0   0   0   0   0   0   0   0   0
    0   0   0   0   0   0   0   0   0   0   0]
 [  0   0   0   0   0   0   0   0   0   0   0   0   0   0   0   0   0   0
    0   0   0   0   0   0   0   0   0   0   0   0   0   0   0   0   0   0
    0   0   0   0   0   0   0   0   0   0   0   0   0   0   0   0   0   0
    0   0   0   0   0   0   0   0   0   0   0]
 [  0   0   0   0   0   0   0   0   0   0   0   0   0   0   0   0   0   0
    0   0   0   0   0   0   0   0   0   0   0   0   0   0   2   0   0   0
    0   0   0   0   0   0   0   0   0   0   0   0   0   0   0   0   0   0
    0   0   0   0   0   0   0   0   0   0   0]
 [  0   0   0   0   0   0   2   0   0   1   0   0   0   0   0   0   0   0
    0   0   0   0   0   0   1   0   0   0   0   0   0   0   0 158   0   0
    0   0   0   0   0   0   0   0   0   0   0   0   0   1   0  10   0   0
    0   0   0   0   3   1   0   0   0   0   0]
 [  0   0   0   0   0   1   0   0   0   0   0   0   0   0   0   0   0   0
    0   0   0   0   0   1   0   0   0   0   0   0   0   0   0   0   2   0
    0   0   0   0   0   0   0   0   0   0   0   0   0   0   0   0   0   0
    0   0   0   0   0   0   0   0   0   0   0]
 [  0   0   0   0   0   0   1   3   0   1   0   0   0   0   0   0   0   0
    0   0   0   0   0   0   5   0   0   0   0   0   0   0   0   1   0   5
    0   0   0   0   0   0   0   0   0   0   0   0   0   0   0   0   0   0
    0   0   0   0   1   0   0   0   0   0   0]
 [  0   0   0   0   0   0   0   0   0   0   0   0   0   0   0   0   1   0
    0   0   0   0   0   0   0   0   0   0   0   0   0   0   0   0   0   0
    3   0   0   0   0   0   0   0   0   0   0   0   0   0   0   0   2   0
    0   0   0   0   0   0   1   0   2   0   0]
 [  0   0   0   0   0   0   0   0   0   0   0   0   0   0   0   0   0   0
    0   0   0   0   0   0   0   0   0   0   0   0   0   0   0   0   0   0
    0   1   0   0   2   0   0   0   0   0   0   0   0   0   0   0   0   0
    0   0   0   0   0   0   0   0   0   0   0]
 [  0   0   0   0   0   0   0   0   0   0   0   0   0   0   0   0   0   0
    0   0   0   0   0   0   0   0   0   0   0   0   0   0   0   0   0   0
    0   0   3   0   0   0   0   0   0   0   1   0   0   0   0   0   0   0
    0   0   0   1   0   0   0   0   0   0   0]
 [  0   0   0   0   0   0   0   0   0   0   0   0   0   0   0   1   0   0
    0   0   0   0   0   0   0   0   0   0   0   0   1   0   0   0   0   0
    0   1   1   0   1   0   0   0   0   0   0   0   0   0   1   0   0   0
    0   0   0   0   0   0   0   0   0   0   0]
 [  0   0   0   0   0   0   0   0   0   0   0   0   0   0   0   0   0   0
    0   0   0   0   0   0   0   0   0   0   0   0   0   0   0   0   0   0
    0   1   1   0   3   0   0   0   0   0   0   0   0   0   0   0   0   0
    0   1   0   0   0   0   0   0   0   0   0]
 [  0   0   0   0   2   0   0   0   0   0   0   0   0   0   0   0   0   0
    0   0   0   0   0   0   0   0   0   0   2   0   0   0   0   0   0   0
    0   0   0   0   0  27   0   0   0   0   0   0   0   0   0   0   0   0
    0   0   0   0   0   0   0   0   0   0   0]
 [  0   0   0   0   0   0   0   0   0   0   0   0   0   0   0   0   0   0
    0   0   0   0   0   0   0   0   0   0   0   0   0   0   0   0   0   0
    0   0   0   0   0   0   0   0   0   0   0   0   0   0   0   0   0   0
    0   0   0   0   0   0   0   1   0   0   0]
 [  0   0   0   0   0   0   0   0   0   0   0   0   0   0   0   0   0   0
    0   0   0   0   0   0   0   1   0   0   0   0   0   0   0   0   0   0
    0   0   0   0   0   0   2   3   0   0   0   0   0   0   0   0   0   0
    0   0   0   0   0   0   0   0   0   0   0]
 [  2   0   0   7   0   0   0   0   0   0   0   0   0   0   3   0   0   0
    0   3   0   0   0   0   0   0   0   0   0   0   0   0   0   0   0   0
    0   0   0   0   0   0   0   0   6   2   0   0   0   0   0   0   0   0
    0   0   0   0   0   0   0   0   0   0   0]
 [  0   0   0   0   0   0   0   0   0   0   1   0   0   0   0   0   0   0
    0   1   0   0   0   0   0   0   0   0   0   0   0   0   0   0   0   0
    0   0   0   0   0   0   0   0   1  45   0   0   0   0   0   0   0   0
    0   0   8   0   0   0   0   9   0   0   0]
 [  0   0   0   0   0   0   0   0   0   0   0   0   0   0   0   0   0   0
    0   0   0   0   1   0   0   0   0   0   0   0   0   0   0   0   0   0
    0   0   0   0   0   0   0   0   0   0   3   0   0   0   0   0   0   0
    0   0   0   0   0   0   0   0   0   0   0]
 [  0   0   0   0   0   0   1   0   0   0   0   0   0   0   0   0   0   9
    0   0   0   0   0   3   0   0   0   0   0   0   0   0   0   0   0   0
    0   0   0   0   0   0   0   0   0   0   0 108   0   0   0   0   0   0
    0   0   0   0   0   0   0   1   0   0   0]
 [  0   0   0   0   0   0   0   0   0   0   0   0   0   0   0   0   0   0
    0   0   0   0   0   0   0   0   0   0   0   0   0   0   0   0   0   0
    0   0   0   0   0   0   0   0   0   0   0   0   0   0   0   0   0   0
    0   0   0   0   0   0   0   0   0   0   0]
 [  0   0   0   0   0   0   0   0   0   0   0   0   0   0   0   0   0   0
    0   0   0   0   0   0   1   0   0   0   0   0   0   0   0   0   0   0
    0   0   0   0   0   0   0   0   0   0   0   0   0   9   0   0   0   0
    0   0   0   0   0   1   0   0   0   0   0]
 [  0   0   0   0   0   0   0   0   0   0   0   0   0   0   0   0   0   0
    0   0   0   0   0   0   0   0   0   0   0   0   0   0   0   0   0   0
    0   0   0   0   0   0   0   0   0   0   0   0   0   0   5   0   1   0
    0   0   0   0   0   0   0   0   1   0   0]
 [  0   0   0   0   0   0   2   0   0   3   0   0   0   0   0   0   0   0
    0   0   0   0   0   0   0   0   0   0   0   0   0   0   0  13   0   0
    0   0   0   0   0   0   0   0   0   0   0   0   0   0   0   7   0   0
    0   0   0   0   1   3   0   0   0   0   0]
 [  0   0   0   0   0   0   0   0   0   0   0   0   0   0   0   0   0   0
    0   0   0   0   0   0   0   0   0   0   0   0   0   0   0   0   0   0
    1   0   0   0   0   0   0   0   0   0   0   0   0   0   1   0   5   0
    0   0   0   0   0   0   0   0   0   0   0]
 [  0   0   0   0   0   0   0   0   0   0   0   0   0   0   0   0   0   0
    0   0   0   0   0   0   0   0   0   0   0   0   0   0   0   0   0   0
    0   0   0   0   0   0   0   0   0   0   0   0   0   0   0   0   0   1
    0   0   0   0   0   0   0   0   0   0   0]
 [  1   0   0   0   0   0   0   0   0   0   0   0   0   0   0   0   0   0
    0   0   0   0   0   0   0   0   0   0   0   0   0   0   0   0   0   0
    0   0   0   0   0   0   0   0   0   1   0   0   0   0   0   0   0   0
    1   0   0   0   0   0   0   1   0   0   0]
 [  0   0   0   0   0   0   0   0   0   0   0   0   0   0   0   0   0   0
    0   0   0   0   0   0   0   0   0   0   0   0   0   0   0   0   0   0
    0   0   1   0   0   0   0   0   0   0   0   0   0   0   0   0   0   0
    0  19   0   0   0   0   0   0   0   0   0]
 [  0   0   0   0   0   0   0   0   0   0   1   2   0   0   0   0   0   0
    0   0   0   0   0   0   0   0   0   0   0   0   0   0   0   0   0   0
    0   0   0   0   0   0   0   0   0   7   0   0   0   0   0   0   0   0
    0   0  66   0   0   0   0   5   0   0   0]
 [  0   0   0   0   0   0   0   0   0   0   0   0   0   0   0   1   0   0
    0   0   0   0   0   1   0   0   0   0   0   0   0   0   0   0   0   0
    0   0   0   0   0   0   0   0   0   0   0   0   0   0   0   0   0   0
    0   0   0  16   0   0   0   0   0   0   0]
 [  0   0   0   0   0   0   3   3   0   5   0   0   0   0   0   0   0   0
    0   0   0   0   0   0   3   0   0   0   0   0   0   0   0   3   0   2
    0   0   0   0   0   0   0   0   0   0   0   0   0   0   0   1   0   0
    0   0   0   0   1   0   0   0   0   0   0]
 [  0   0   0   0   0   0   1   2   0   0   0   0   0   0   0   0   0   0
    0   0   0   0   0   0   1   0   0   0   0   0   0   0   0   5   0   0
    0   0   0   0   0   0   0   0   0   0   0   0   0   0   0   4   0   0
    0   0   0   0   2  32   0   0   0   0   0]
 [  0   1   0   0   0   0   0   0   0   0   0   0   0   0   0   0   0   0
    0   0   0   0   0   0   0   0   0   0   0   0   0   0   0   0   0   0
    0   0   0   0   0   0   0   0   0   0   0   0   0   0   0   0   0   0
    0   0   0   0   0   0  10   0   0   0   0]
 [  0   0   0   0   0   0   0   0   0   0   1   3   0   0   0   0   0   0
    0   0   0   0   0   0   0   0   0   0   0   0   0   0   0   0   0   0
    0   0   0   0   0   0   0   0   0   2   0   0   0   0   0   0   0   0
    0   0   4   0   0   0   0 203   0   0   0]
 [  0   2   0   0   0   0   0   0   0   0   0   0   0   0   0   0   0   0
    0   0   0   0   0   0   0   0   0   0   0   0   0   0   0   0   0   0
    0   0   0   0   0   0   0   0   0   0   0   0   0   0   0   0   1   0
    0   0   0   0   0   0   0   0   7   0   0]
 [  0   1   0   0   0   0   0   0   0   0   0   0   0   0   0   0   0   0
    0   0   0   0   0   0   0   0   0   0   0   0   0   0   0   0   0   0
    0   0   0   0   0   0   0   0   0   0   0   0   0   0   0   0   0   0
    0   0   0   0   0   0   0   0   0   0   0]
 [  2   5   1   1   7   0  14   0   3  13   0   8   5   1   6  13   2   9
    9   0   1   6   0  76   5   0   1   4   0   1  15   1   2  65   2   7
    1   8   9  14   5  17   3   2   4   7   0   0   1  14   3   6   0   3
    3  16   6   7   5  12   0  47   1   0   0]]

accuracy:  0.5685

bleu for abnormality:  0.021953479591293776

bleu for all answers:  0.1333197365518038

Saving checkpoints

201 epoch begins...

202 epoch begins...

203 epoch begins...

204 epoch begins...

205 epoch begins...

206 epoch begins...

207 epoch begins...

208 epoch begins...

209 epoch begins...

210 epoch begins...
2019-05-02 03:58:25.499697 Train Epoch210: Classification Loss: 16.2466; Producing Loss: 29.8283
210 epoch ends 


211 epoch begins...

212 epoch begins...

213 epoch begins...

214 epoch begins...

215 epoch begins...

216 epoch begins...

217 epoch begins...

218 epoch begins...

219 epoch begins...

220 epoch begins...
2019-05-02 04:27:03.069028 Train Epoch220: Classification Loss: 15.4156; Producing Loss: 31.8613
220 epoch ends 


221 epoch begins...

222 epoch begins...

223 epoch begins...

224 epoch begins...

225 epoch begins...

226 epoch begins...

227 epoch begins...

228 epoch begins...

229 epoch begins...

230 epoch begins...
2019-05-02 04:55:43.926098 Train Epoch230: Classification Loss: 15.1522; Producing Loss: 29.8254
230 epoch ends 


231 epoch begins...

232 epoch begins...

233 epoch begins...

234 epoch begins...

235 epoch begins...

236 epoch begins...

237 epoch begins...

238 epoch begins...

239 epoch begins...

240 epoch begins...
2019-05-02 05:24:27.286788 Train Epoch240: Classification Loss: 14.9097; Producing Loss: 30.0497
240 epoch ends 


241 epoch begins...

242 epoch begins...

243 epoch begins...

244 epoch begins...

245 epoch begins...

246 epoch begins...

247 epoch begins...

248 epoch begins...

249 epoch begins...

250 epoch begins...
2019-05-02 05:53:08.167805 Train Epoch250: Classification Loss: 14.9882; Producing Loss: 26.8013
250 epoch ends 


Training Finished

Classification Loss and answer loss for each epoch
[(155.8862735668818, 580.5614886124929), (109.38190300861994, 491.29624956448873), (91.25477149883906, 469.3661597410838), (84.33753852844238, 448.2712484518687), (81.39167457421621, 430.56883074442544), (77.13359835942586, 414.57126137415565), (75.83304454485575, 401.49766109784446), (73.51933007637659, 390.2980359077454), (72.28669463793436, 376.403417523702), (70.79328966538111, 362.3890104293823), (68.69314167896907, 353.2012693405151), (68.1128897289435, 342.3380613088608), (66.50720182259877, 330.52870763142903), (65.87777332067489, 321.9506733338038), (65.20759272575378, 310.4629474878311), (64.23556683659554, 301.8363665819168), (63.410263470808665, 294.18522981007897), (62.44795403679212, 282.44688475926716), (60.8103832423687, 275.0192150513331), (61.012863075733186, 268.3727291901906), (60.787592417001726, 262.49978784720105), (58.90864719152451, 254.0181848049164), (59.401341203848524, 245.548925391833), (58.244397445519766, 241.16710319519044), (58.25589920679728, 234.40047323703766), (57.77964877287547, 227.7163811445236), (57.70472566485405, 221.45887658596038), (57.02979738910993, 216.65065395832062), (56.936978779236476, 210.79935020605723), (55.14969273805618, 204.56913023789724), (54.72700238823891, 197.82548639774322), (54.89646679759026, 195.5445152481397), (54.085009795427325, 189.2578067779541), (53.38468161225319, 185.68802305062613), (53.22444357474645, 181.48908226490022), (52.62565622528394, 175.83631326357525), (51.94028862516085, 172.3246925989787), (51.72450199723244, 165.72772630055746), (50.20003763437271, 161.4542456785838), (51.414942075808845, 163.3566698551178), (50.828013092279434, 157.19120355844498), (50.668921174605686, 156.71791055997213), (49.837650924921036, 156.28528045813243), (50.186604517698285, 152.50303910573322), (50.07440160314242, 148.11129913330078), (49.007290722926456, 143.9869121670723), (47.76117219527563, 140.35448414087296), (48.03060904145241, 143.06475718418758), (47.903277695178986, 140.34551989634832), (46.9178557296594, 132.77685661315917), (44.583386570215225, 121.30045745372772), (43.18582778573036, 112.78271580537161), (43.1321071823438, 113.19770495891571), (43.23723933498065, 111.85461507638296), (41.947524040937424, 108.05673725008964), (41.94228399594625, 105.60005154609681), (41.9607459684213, 105.06692521174749), (40.74941969712575, 105.7058813850085), (40.87232172489166, 101.16136745413145), (40.298848604162536, 100.82500105500222), (39.933990920583405, 98.65873901049297), (40.057685871919, 98.40922565460205), (40.33249570131302, 96.26899811824163), (40.00056116183599, 101.21201720436414), (39.31160726944606, 95.83120489120483), (38.68027679125468, 94.24625093142191), (38.68859852850437, 90.77631804943084), (38.99656009872754, 91.45796023011208), (37.25662941038608, 88.45789251526197), (37.826076852281886, 87.06579943100611), (37.61575749317805, 88.5665809571743), (37.442626824975015, 87.00586092472076), (37.11464615861575, 87.63115907907486), (36.57832947572072, 85.94769459366799), (36.63842920362949, 85.69096792936325), (36.69667419195175, 84.56031343738238), (36.847348593672116, 84.63912709156672), (35.66307097673416, 81.01098972161611), (35.800531702240306, 82.52917892932892), (35.79828944603602, 81.56443431377411), (36.12643595933914, 82.67681002616882), (36.87389957904816, 78.8710614224275), (34.95706823368867, 78.35146464109421), (35.42989840904872, 74.73365399241447), (34.49740347266197, 72.46640978256862), (34.5823619077603, 77.31821227471033), (33.82861218750477, 71.91910195748011), (34.3686883499225, 72.28422609567642), (33.43353637357553, 74.41761014858882), (34.07090831299623, 70.99840808908145), (33.56334342559179, 72.25483351349831), (33.45782937904199, 69.66993509332339), (32.46479237675667, 68.61947473684947), (33.04401611487071, 73.04716347257296), (31.945052284995715, 66.09224299391111), (33.60036293566227, 69.83440965811411), (33.17676003376643, 66.18879211942355), (32.83354891836643, 65.4696649392446), (32.76269979675611, 65.94058965245883), (31.859264626105627, 66.92685977419218), (30.573800934354463, 59.426090921958284), (29.405418424805006, 60.43695759971936), (29.204032958547273, 55.331293669343), (28.84703824818134, 57.113385038574535), (29.012556765476862, 59.02779193520546), (28.52119227151076, 57.73361228108406), (29.26507685879866, 56.62752250830332), (27.866117739677428, 55.04867402811845), (27.808364979426067, 58.56050041119258), (27.60972659389178, 54.4995723148187), (27.757352170348167, 51.61473922729492), (27.007463680704436, 54.58496329387029), (27.826024943590163, 55.51638240019481), (27.07492750386397, 54.79506743550301), (26.924390385548275, 54.21782768567403), (26.660379946231842, 52.50412808656692), (26.710926696658134, 52.39869082669417), (26.76954920490583, 51.82476214766503), (26.413605094949403, 51.44640031854312), (25.240175507466, 49.68791154921055), (26.74226184487343, 51.80344943404198), (26.300400538245835, 49.97101221183936), (25.901838131745656, 48.73526597817739), (25.229263040423394, 49.01537644465764), (25.039271787802377, 50.04874813954036), (25.054890422026315, 47.478086185455325), (26.043711576859156, 47.44413930575053), (25.214286683499815, 47.53537216385205), (25.365258129437766, 48.43926437894503), (25.017552700142065, 46.924426180124286), (24.149816676974297, 47.988354157408075), (24.18833775917689, 47.893076785405476), (24.687441379825273, 47.595195255676906), (23.702685924371085, 46.356864881515506), (24.68592661122481, 48.79679954946041), (24.532429524262746, 50.51701131761074), (24.880008298158646, 49.44833372732003), (24.29029707709948, 48.385447377959885), (23.634062027434506, 44.493745369712514), (23.410184587041538, 46.379274412989616), (23.57562345365683, 45.93295021752517), (23.322522992889088, 44.37952929139137), (23.805121595660847, 46.95681392550468), (23.703708206613857, 44.515632505218186), (23.060484903554123, 42.00893301566442), (23.245504731933277, 43.41110260883967), (22.65509270777305, 43.79907196561496), (22.155423313379288, 43.59942345668872), (22.272187994917235, 42.337604530652364), (22.696144779523213, 43.25210044085979), (21.850097338358562, 42.48831100364526), (21.164033991098403, 41.81618497272333), (20.859347547590733, 39.07883966465791), (20.41703444868326, 37.50432106256485), (20.041351834932964, 38.00318847695986), (20.46814110428095, 39.743579997618994), (20.75716562171777, 37.895536077022555), (20.46304602821668, 34.99702421277762), (19.912923735380172, 35.98152715762456), (20.4230738128225, 37.653048008680344), (20.27742519080639, 37.129545430342354), (19.336921956638495, 37.17658299903075), (19.666242747505507, 38.16470957299074), (19.561762756605944, 39.09531853298346), (19.664914156496526, 36.00708825389544), (19.836472631990908, 37.344372575481735), (19.50733390847842, 38.72741699864467), (19.28127718170484, 36.85725000301997), (20.046251678466795, 36.657121674219766), (19.16587906082471, 38.63745929400126), (19.011033445596695, 36.03298041919867), (19.816044772168002, 35.149530439575514), (18.859256135920685, 37.58659050861994), (19.20956388215224, 37.128181642790636), (19.430992832283177, 35.22627740899722), (19.660202907025813, 36.87035905718803), (18.940266992648443, 36.28358350346486), (18.96026001969973, 36.12119229733944), (19.36651507169008, 34.383093197147055), (19.140721159676712, 34.6976170356075), (18.513933009902637, 34.84801782170931), (18.440909690658252, 35.07550144990285), (18.153606111804645, 35.05631072421868), (18.9271296903491, 34.84236242622137), (18.659679894646008, 36.04354025423527), (18.764072838425637, 34.331287482380866), (18.157686801254748, 33.625244218111035), (19.107410322129727, 35.09343439390262), (18.811156284809112, 32.84152461091677), (18.79801656057437, 34.96698981622855), (18.665549105902514, 34.12784777830044), (17.661502488950887, 36.02463870197535), (18.18292155265808, 33.74354989478986), (17.293407767017683, 35.83003109594186), (17.890723093847434, 38.18240312486887), (18.715471391379833, 34.34904153148333), (18.201101461052893, 31.458317976196607), (17.953720125059288, 32.98807184646527), (17.359639298915862, 35.88555162797372), (17.695131583015122, 34.46276206423839), (16.823751782874265, 35.47094499319792), (16.212337843577068, 31.30732982258002), (16.70029308497906, 33.53289711326361), (16.515196219086647, 32.1002050191164), (16.921128344039122, 35.209773713350295), (16.821717585623265, 32.0314365675052), (17.29578144053618, 32.11077645073335), (16.317742512126763, 33.18309320559104), (16.44258344719807, 32.501970052719116), (16.24664759884278, 29.82833561350902), (16.20291511019071, 32.49937660743793), (16.434892212351162, 30.211033083498478), (16.143058655659356, 29.53411788692077), (16.288196870187917, 32.892787744104865), (16.176558823386827, 30.989000441133975), (16.260079467793307, 31.98549139847358), (15.767638211448988, 30.02725008825461), (16.326327745616435, 30.900246799985567), (15.588740242520968, 30.365927254160244), (15.415617634604375, 31.861254903674126), (15.300349388519923, 32.0264817327261), (15.546595139056445, 29.13973515033722), (15.66784363463521, 31.603088045120238), (15.974199108531078, 29.613661526640257), (15.373025580743949, 31.60896921058496), (16.545956847568352, 31.2855861539642), (15.626664327581723, 30.260571986436844), (15.80128852725029, 29.242649559676646), (16.074887073785067, 32.72760479946931), (15.152211394409338, 29.825417272249858), (15.542227454980214, 29.621411545077958), (16.1167990937829, 30.837251476943493), (15.620146636664867, 29.76945883681377), (15.473246478041013, 29.860066076616445), (15.588366904854775, 30.488789340356984), (15.011765857040881, 29.816920914749304), (14.937436403334141, 30.56467715203762), (15.625347574800253, 31.557425000766912), (15.296740788718065, 30.25439373552799), (14.909665331244469, 30.049658344189325), (15.232461218039195, 29.25582572867473), (16.149708546698093, 29.417312547564507), (14.428121415277323, 31.419213706751666), (14.772598094741504, 29.015841427942117), (15.315010189513366, 26.74695189843575), (16.052297365665435, 27.90454564491908), (14.216164925694466, 28.90987000018358), (15.353818913797538, 30.59975323975086), (15.431788018345832, 29.8538097585241), (14.98822341710329, 26.801282934844494)]

Final Result
saved to /home/leishi/vqa2019/results/predictions_final.txt

 confusion matrix
[[ 14   0   0   8   0   0   0   0   0   0   0   0   0   0   0   0   0   0
    0   0   3   0   0   0   0   0   0   0   0   0   0   0   0   0   0   0
    0   0   0   0   0   0   0   2   0   0   0   0   0   0   0   0   0   0
    0   0   0   0   0   0   3   0   0   0]
 [  0   3   0   0   0   0   0   0   0   0   0   0   0   0   0   0   0   0
    0   0   0   0   0   0   0   0   0   0   0   0   0   0   0   0   0   0
    0   0   0   0   0   0   0   0   0   0   0   0   0   1   0   0   0   0
    0   0   0   0   0   0   0   1   0   0]
 [  0   0   8   0   0   0   0   0   0   0   0   0   0   0   0   0   0   0
    0   0   0   0   0   0   0   0   0   0   0   0   0   0   0   0   0   0
    0   0   0   0   0   0   0   0   0   0   0   0   0   0   0   0   0   0
    0   0   0   0   0   0   0   0   0   0]
 [  3   0   0  23   0   0   0   0   0   0   0   0   0   0   0   0   0   0
    0   0   3   0   0   0   0   0   0   0   0   0   0   0   0   0   0   0
    0   0   0   0   0   0   0   4   1   0   0   0   0   0   0   0   0   0
    0   0   0   0   0   0   0   0   0   0]
 [  0   0   0   0  16   0   0   0   0   0   0   0   0   0   0   0   0   0
    0   0   0   0   0   0   0   0   0   0   0   0   0   0   0   0   0   0
    0   0   0   0   1   0   0   0   0   0   0   0   0   0   0   0   0   0
    0   0   0   0   0   0   0   0   0   0]
 [  0   0   0   0   0   0   0   0   0   0   0   0   0   0   0   0   0   0
    0   0   0   0   0   0   0   0   0   0   0   0   0   0   0   0   0   0
    0   0   0   0   0   0   0   0   0   0   0   0   0   0   0   0   0   0
    0   0   0   0   0   0   0   0   0   0]
 [  0   0   0   0   0   0  63   4   0   0   0   0   0   0   0   0   0   0
    0   0   0   0   0   1   0   0   0   0   0   0   0   0   1   0   1   0
    0   0   0   0   0   0   0   0   0   0   0   0   1   0   1   0   0   0
    0   0   0   3   1   0   0   0   0   0]
 [  0   0   0   0   0   0   6  31   0  13   0   0   0   0   0   0   0   0
    0   0   0   0   0   4   0   0   0   0   0   0   0   0   1   0   2   0
    0   0   0   0   0   0   0   0   0   0   0   0   0   0   1   0   0   0
    0   0   0   0   1   0   0   0   0   0]
 [  0   0   0   0   0   0   0   0   0   0   0   0   0   0   0   0   0   0
    0   0   0   0   0   0   0   0   0   0   0   0   0   0   0   0   0   0
    0   0   0   1   0   0   0   0   0   0   0   0   0   0   0   0   0   0
    0   0   0   0   0   0   0   0   0   0]
 [  0   0   0   0   0   0   2   7   0  16   0   0   0   0   0   0   0   0
    0   0   0   0   0   2   0   0   0   0   0   0   0   0   0   0   0   0
    0   0   0   0   0   0   0   0   0   0   0   0   0   0   0   0   0   0
    0   0   0   3   0   0   0   0   0   0]
 [  0   0   0   0   0   0   0   0   0   0   0   0   0   0   0   0   0   0
    0   0   0   0   0   0   0   0   0   0   0   0   0   0   0   0   0   0
    0   0   0   0   0   0   0   1   0   0   0   0   0   0   0   0   0   0
    0   1   0   0   0   0   1   0   0   0]
 [  0   0   0   0   0   0   0   0   0   0   0   0   0   0   0   0   0   0
    0   0   0   0   0   0   0   0   0   0   0   0   0   0   0   0   0   0
    0   0   0   0   0   0   0   0   0   0   0   0   0   0   0   0   0   0
    0   0   0   0   0   0   0   0   0   0]
 [  0   0   0   0   0   0   0   0   0   0   1   0   2   0   0   0   0   0
    0   0   0   0   0   0   0   0   0   0   0   0   0   0   0   0   0   0
    0   0   0   0   0   0   0   0   1   0   0   0   0   0   0   0   0   0
    0   3   0   0   0   0   0   0   0   0]
 [  0   0   0   0   0   0   0   0   0   0   0   0   0   2   0   0   0   0
    0   0   0   0   2   0   0   0   0   0   0   0   0   0   0   0   0   0
    0   0   0   0   0   0   0   0   0   0   0   0   0   0   0   0   0   0
    0   0   0   0   0   0   0   0   0   0]
 [  0   1   0   0   0   0   0   0   0   0   0   0   0   0   0   0   0   0
    0   0   0   0   0   0   0   0   0   0   0   0   0   0   0   0   0   0
    0   0   0   0   0   0   0   0   0   0   0   0   0   1   0   0   0   0
    0   0   0   0   0   0   0   0   0   0]
 [  4   0   0   5   0   0   0   0   0   0   0   0   0   0   0   0   0   0
    0   0   0   0   0   0   0   0   0   0   0   0   0   0   0   0   0   0
    0   0   0   0   0   0   0   0   1   0   0   0   0   0   0   0   0   0
    0   0   0   0   0   0   1   0   0   0]
 [  0   0   0   0   0   0   0   0   0   0   0   0   0   0   0   0   1   0
    0   0   0   0   0   0   0   0   0   0   1   1   0   0   0   0   0   0
    0   2   0   0   0   0   0   0   0   0   0   0   0   0   0   0   0   0
    0   0   0   0   0   0   0   0   0   0]
 [  0   0   0   0   0   0   0   0   0   0   0   0   0   0   0   0   0   0
    0   0   0   0   0   0   0   0   0   0   0   0   0   0   0   0   0   0
    0   0   0   0   0   0   0   0   0   0   0   0   0   0   0   1   0   0
    0   0   0   0   0   0   0   0   0   0]
 [  0   0   0   0   0   0   1   0   0   0   1   0   0   0   0   0   0   0
   60   0   0   0   4   0   0   0   0   0   0   0   0   0   1   0   0   0
    0   0   0   0   0   0   0   0   1   0  11   0   0   0   0   0   0   0
    0   0   0   0   0   0   1   0   0   0]
 [  0   0   0   0   0   0   0   0   0   0   0   0   0   0   0   0   0   0
    0  10   0   6   0   0   0   0   0   0   0   0   0   0   0   0   0   0
    0   0   0   0   0   0   0   0   0   0   0   0   0   0   0   0   0   0
    0   0   0   0   0   0   0   0   0   0]
 [  1   0   0   3   0   0   0   0   0   0   0   0   0   0   0   0   0   0
    0   0  10   0   0   0   0   0   0   0   0   0   0   0   0   0   0   0
    0   0   0   0   0   0   0   6   0   0   0   0   0   0   0   0   0   0
    0   0   0   0   0   0   0   0   0   0]
 [  0   0   0   0   0   0   0   0   0   0   0   0   0   0   0   0   0   0
    0   9   0   7   0   0   0   0   0   0   0   0   0   0   0   0   0   0
    0   0   0   0   0   0   0   0   0   0   0   0   0   0   0   0   0   0
    0   0   0   0   0   0   0   0   0   0]
 [  0   0   0   0   0   0   0   0   0   0   0   0   0   0   0   0   0   0
    0   0   0   0  84   0   0   0   0   0   0   0   0   0   0   0   0   0
    0   0   0   0   0   0   0   0   0   0   0   0   0   0   0   1   0   0
    0   0   1   0   0   0   0   0   0   0]
 [  0   0   0   0   0   0   1   1   0   0   0   0   0   0   0   0   0   0
    0   0   0   0   0  22   0   0   0   0   0   0   0   0   2   0   6   0
    0   0   0   0   0   0   0   0   0   0   0   0   1   0   0   0   0   0
    0   0   0   0   0   0   0   0   0   0]
 [  0   0   0   0   0   0   0   0   0   0   0   0   0   0   0   0   0   0
    0   0   0   0   0   0   0   0   0   0   0   0   0   0   0   0   0   0
    0   0   0   0   0   0   1   0   0   0   0   0   0   0   0   0   0   0
    0   0   0   0   0   0   0   0   0   0]
 [  0   0   0   0   0   0   0   0   0   0   0   0   0   0   0   0   0   0
    0   0   0   0   0   0   0   0   0   0   0   0   0   0   0   0   0   0
    0   0   0   0   0   0   0   0   0   0   0   0   0   0   0   0   0   0
    0   0   0   0   0   0   0   0   0   0]
 [  0   0   0   0   0   0   0   0   0   0   0   0   0   1   0   0   0   0
    0   0   0   0   1   0   0   0   1   0   0   0   0   0   0   2   0   0
    0   0   0   0   0   0   0   0   0   0   0   0   0   0   0   0   0   0
    0   0   0   0   0   0   0   0   0   0]
 [  0   0   0   0   0   0   0   0   0   0   0   0   0   0   0   0   0   0
    0   0   0   0   0   0   0   0   0   6   0   0   0   0   0   0   0   0
    0   0   0   0   0   0   0   0   0   0   0   0   0   0   0   0   0   0
    0   0   0   0   0   0   0   0   0   0]
 [  0   0   0   0   0   0   0   0   0   0   0   0   0   0   0   0   0   0
    0   0   0   0   0   0   0   0   0   0   0   0   0   0   0   0   0   0
    0   0   0   0   0   0   0   0   0   0   0   0   0   0   0   0   0   0
    0   0   0   0   0   0   0   0   0   0]
 [  0   0   0   0   0   0   0   0   0   0   0   0   0   0   0   0   0   0
    0   0   0   0   1   0   0   0   0   0   0   2   0   0   0   0   0   0
    0   0   0   0   0   0   0   0   0   0   0   0   0   0   0   0   0   0
    0   0   0   0   0   0   0   0   0   0]
 [  0   0   0   0   0   0   0   0   0   0   0   0   0   0   0   0   0   0
    0   0   0   0   0   0   0   0   0   0   0   0   0   0   0   0   0   0
    0   0   0   0   0   0   0   0   0   0   0   0   0   0   0   0   0   0
    0   0   0   0   0   0   0   0   0   0]
 [  0   0   0   0   0   0   0   0   0   0   0   0   0   0   0   0   0   0
    0   0   0   0   0   0   0   0   0   0   0   0   0   2   0   0   0   0
    0   0   0   0   0   0   0   0   0   0   0   0   0   0   0   0   0   0
    0   0   0   0   0   0   0   0   0   0]
 [  0   0   0   0   0   0   2   0   0   1   0   0   0   0   0   0   0   0
    0   0   0   0   0   1   0   0   0   0   0   0   0   0 159   0   0   0
    0   0   0   0   0   0   0   0   0   0   0   0   1   0   8   0   0   0
    0   0   0   3   2   0   0   0   0   0]
 [  0   0   0   0   0   0   0   0   0   0   0   0   0   1   0   0   0   0
    0   0   0   0   2   0   0   0   0   0   0   0   0   0   0   1   0   0
    0   0   0   0   0   0   0   0   0   0   0   0   0   0   0   0   0   0
    0   0   0   0   0   0   0   0   0   0]
 [  0   0   0   0   0   0   1   1   0   1   0   0   0   0   0   0   0   0
    0   0   0   0   0   5   0   0   0   0   0   0   0   0   1   0   7   0
    0   0   0   0   0   0   0   0   0   0   0   0   0   0   0   0   0   0
    0   0   0   1   0   0   0   0   0   0]
 [  0   0   0   0   0   0   0   0   0   0   0   0   0   0   0   0   0   0
    0   0   0   0   0   0   0   0   0   0   0   0   0   0   0   0   0   3
    0   0   0   0   0   0   0   0   0   0   0   0   0   0   0   3   0   0
    0   0   0   0   0   2   0   1   0   0]
 [  0   0   0   0   0   0   0   0   0   0   0   0   0   0   0   0   0   0
    0   0   0   0   0   0   0   0   0   0   0   0   0   0   0   0   0   0
    1   0   0   2   0   0   0   0   0   0   0   0   0   0   0   0   0   0
    0   0   0   0   0   0   0   0   0   0]
 [  0   0   0   0   0   0   0   0   0   0   0   0   0   0   0   0   0   0
    0   0   0   0   0   0   0   0   0   0   0   0   0   0   0   0   0   0
    0   3   0   0   0   0   0   0   0   0   0   0   0   0   0   1   0   0
    0   0   1   0   0   0   0   0   0   0]
 [  0   0   0   0   0   0   0   0   0   0   0   0   0   0   0   0   1   0
    0   0   0   0   0   0   0   0   0   0   0   1   0   0   0   0   0   0
    1   1   0   1   0   0   0   0   0   0   0   0   0   1   0   0   0   0
    0   0   0   0   0   0   0   0   0   0]
 [  0   0   0   0   0   1   0   0   0   0   0   0   0   0   0   0   0   0
    0   0   0   0   0   0   0   0   0   0   0   0   0   0   0   0   0   0
    1   1   0   2   0   0   0   0   0   0   0   0   0   0   0   0   0   0
    1   0   0   0   0   0   0   0   0   0]
 [  0   0   0   0   1   0   0   0   0   0   0   0   0   0   0   0   0   0
    0   0   0   0   0   0   0   0   0   0   0   0   0   0   0   0   0   0
    0   0   0   0  30   0   0   0   0   0   0   0   0   0   0   0   0   0
    0   0   0   0   0   0   0   0   0   0]
 [  0   0   0   0   0   0   0   0   0   0   0   0   0   0   0   0   0   0
    0   0   0   0   0   0   0   0   0   0   0   0   0   0   0   0   0   0
    0   0   0   0   0   0   0   0   0   0   0   0   0   0   0   0   0   0
    0   0   0   0   0   0   1   0   0   0]
 [  0   0   0   0   0   0   0   0   0   0   0   0   0   0   0   0   0   0
    0   0   0   0   0   0   0   0   0   0   0   0   0   0   0   0   0   0
    0   0   0   0   0   1   5   0   0   0   0   0   0   0   0   0   0   0
    0   0   0   0   0   0   0   0   0   0]
 [  2   0   0   6   0   0   0   0   0   0   0   0   0   0   0   3   0   0
    0   0   4   0   0   0   0   0   0   0   0   0   0   0   0   0   0   0
    0   0   0   0   0   0   0   6   0   0   0   0   0   0   0   0   0   0
    0   0   0   0   0   0   2   0   0   0]
 [  0   0   0   0   0   0   0   0   0   0   0   0   0   0   0   0   0   0
    0   0   1   0   0   0   0   0   0   0   0   0   0   0   0   0   0   0
    0   0   0   0   0   0   0   1  44   0   0   0   0   0   0   0   0   1
    0   6   0   0   0   0  12   0   0   0]
 [  0   0   0   0   0   0   0   0   0   0   0   0   0   0   0   0   0   0
    0   0   0   0   0   0   0   0   0   0   0   0   0   0   0   0   0   0
    0   0   0   0   0   0   0   0   0   4   0   0   0   0   0   0   0   0
    0   0   0   0   0   0   0   0   0   0]
 [  0   0   0   0   0   0   0   0   0   0   0   0   0   0   0   0   0   0
    9   0   0   0   3   0   0   0   0   0   0   0   0   0   0   0   0   0
    0   0   0   0   0   0   0   0   0   0 110   0   0   0   0   0   0   0
    0   0   0   0   0   0   0   0   0   0]
 [  0   0   0   0   0   0   0   0   0   0   0   0   0   0   0   0   0   0
    0   0   0   0   0   0   0   0   0   0   0   0   0   0   0   0   0   0
    0   0   0   0   0   0   0   0   0   0   0   0   0   0   0   0   0   0
    0   0   0   0   0   0   0   0   0   0]
 [  0   0   0   0   0   0   0   0   0   0   0   0   0   0   0   0   0   0
    0   0   0   0   0   1   0   0   0   0   0   0   0   0   0   0   0   0
    0   0   0   0   0   0   0   0   0   0   0   0   9   0   0   0   0   0
    0   0   0   0   1   0   0   0   0   0]
 [  0   0   0   0   0   0   0   0   0   0   0   0   0   0   0   0   0   0
    0   0   0   0   0   0   0   0   0   0   0   0   0   0   0   0   0   0
    0   0   0   0   0   0   0   0   0   0   0   0   0   5   0   1   0   0
    0   0   0   0   0   0   0   1   0   0]
 [  0   0   0   0   0   0   3   1   0   2   0   0   0   0   0   0   0   0
    0   0   0   0   0   1   0   0   0   0   0   0   0   0  10   0   0   0
    0   0   0   0   0   0   0   0   0   0   0   0   0   0   9   0   0   0
    0   0   0   0   3   0   0   0   0   0]
 [  0   0   0   0   0   0   0   0   0   0   0   0   0   0   0   0   0   0
    0   0   0   0   0   0   0   0   0   0   0   0   0   0   0   0   0   0
    0   0   0   0   0   0   0   0   0   0   0   0   0   1   0   6   0   0
    0   0   0   0   0   0   0   0   0   0]
 [  0   0   0   0   0   0   0   0   0   0   0   0   0   0   0   0   0   0
    0   0   0   0   0   0   0   0   0   0   0   0   0   0   0   0   0   0
    0   0   1   0   0   0   0   0   0   0   0   0   0   0   0   0   0   0
    0   0   0   0   0   0   0   0   0   0]
 [  0   0   0   0   0   0   0   0   0   0   0   0   0   0   0   0   0   0
    0   0   0   0   0   0   0   0   0   0   0   0   0   0   0   0   0   0
    0   0   0   0   0   0   0   0   1   0   0   0   0   0   0   0   0   1
    0   1   0   0   0   0   1   0   0   0]
 [  0   0   0   0   0   0   0   0   0   0   0   0   0   0   0   0   0   0
    0   0   0   0   0   0   0   0   0   0   0   0   0   0   0   0   0   0
    0   1   0   0   0   0   0   0   0   0   0   0   0   0   0   0   0   0
   19   0   0   0   0   0   0   0   0   0]
 [  0   0   0   0   0   0   0   0   0   0   1   0   2   0   0   0   0   0
    0   0   0   0   0   0   0   0   0   0   0   0   0   0   0   0   0   0
    0   0   0   0   0   0   0   0   8   0   0   0   0   0   0   0   0   0
    0  63   0   0   0   0   7   0   0   0]
 [  0   0   0   0   0   0   0   0   0   0   0   0   0   0   0   0   1   0
    0   0   0   0   1   0   0   0   0   0   0   0   0   0   0   0   0   0
    0   0   0   0   0   0   0   0   0   0   0   0   0   0   0   0   0   0
    0   0  16   0   0   0   0   0   0   0]
 [  0   0   0   0   0   0   3   4   0   3   0   0   0   0   0   0   0   0
    0   0   0   0   0   3   0   0   0   0   0   0   0   0   3   0   2   0
    0   0   0   0   0   0   0   0   0   0   0   0   0   0   1   0   0   0
    0   0   0   2   0   0   0   0   0   0]
 [  0   0   0   0   0   0   2   2   0   0   0   0   0   0   0   0   0   0
    0   0   0   0   0   1   0   0   0   0   0   0   0   0   5   0   0   0
    0   0   0   0   0   0   0   0   0   0   0   0   0   0   3   0   0   0
    0   0   0   3  31   0   0   0   0   0]
 [  0   1   0   0   0   0   0   0   0   0   0   0   0   0   0   0   0   0
    0   0   0   0   0   0   0   0   0   0   0   0   0   0   0   0   0   0
    0   0   0   0   0   0   0   0   0   0   0   0   0   0   0   0   0   0
    0   0   0   0   0  10   0   0   0   0]
 [  0   0   0   0   0   0   0   0   0   0   1   0   2   0   0   0   0   0
    0   0   0   0   0   0   0   0   0   0   0   0   0   0   0   0   0   0
    0   0   0   0   0   0   0   0   3   0   0   0   0   0   0   0   0   0
    0   4   0   0   0   0 203   0   0   0]
 [  0   2   0   0   0   0   0   0   0   0   0   0   0   0   0   0   0   0
    0   0   0   0   0   0   0   0   0   0   0   0   0   0   0   0   0   0
    0   0   0   0   0   0   0   0   0   0   0   0   0   0   0   1   0   0
    0   0   0   0   0   0   0   7   0   0]
 [  0   1   0   0   0   0   0   0   0   0   0   0   0   0   0   0   0   0
    0   0   0   0   0   0   0   0   0   0   0   0   0   0   0   0   0   0
    0   0   0   0   0   0   0   0   0   0   0   0   0   0   0   0   0   0
    0   0   0   0   0   0   0   0   0   0]
 [  2   5   0   0  11   1  13   1   1  21   0   1   8   8   1   4   8   2
    8  11   0  10  76   6   0   1   3   0   1  10   1   1  55   2  12   0
    9  11  17   5  14   1   2   2   5   0   1   2   7   3   8   0   3   1
   14   7   9   3  17   0  54   0   0   0]]

accuracy:  0.5695

bleu for abnormality:  0.022467679045768015

bleu for all answers:  0.13435822042719703

Saving the final model...
Model saved at /home/leishi/vqa2019/models/pretrained/2019050205_model.pt
