Loading MED Embedding ......
Done.16545452 words loaded!

1 epoch begins...

2 epoch begins...

3 epoch begins...

4 epoch begins...

5 epoch begins...

6 epoch begins...

7 epoch begins...

8 epoch begins...

9 epoch begins...

10 epoch begins...
2019-05-02 07:18:11.652284 Train Epoch10: Classification Loss: 73.3849; Producing Loss: 355.4733
10 epoch ends 


11 epoch begins...

12 epoch begins...

13 epoch begins...

14 epoch begins...

15 epoch begins...

16 epoch begins...

17 epoch begins...

18 epoch begins...

19 epoch begins...

20 epoch begins...
2019-05-02 07:47:08.828668 Train Epoch20: Classification Loss: 64.1089; Producing Loss: 254.2818
20 epoch ends 


21 epoch begins...

22 epoch begins...

23 epoch begins...

24 epoch begins...

25 epoch begins...

26 epoch begins...

27 epoch begins...

28 epoch begins...

29 epoch begins...

30 epoch begins...
2019-05-02 08:16:06.870784 Train Epoch30: Classification Loss: 56.2663; Producing Loss: 196.4725
30 epoch ends 


31 epoch begins...

32 epoch begins...

33 epoch begins...

34 epoch begins...

35 epoch begins...

36 epoch begins...

37 epoch begins...

38 epoch begins...

39 epoch begins...

40 epoch begins...
2019-05-02 08:45:03.183983 Train Epoch40: Classification Loss: 51.0109; Producing Loss: 159.2835
40 epoch ends 


41 epoch begins...

42 epoch begins...

43 epoch begins...

44 epoch begins...

45 epoch begins...

46 epoch begins...

47 epoch begins...

48 epoch begins...

49 epoch begins...

50 epoch begins...
2019-05-02 09:14:00.514311 Train Epoch50: Classification Loss: 47.8784; Producing Loss: 131.8405
50 epoch ends 


51 epoch begins...

52 epoch begins...

53 epoch begins...

54 epoch begins...

55 epoch begins...

56 epoch begins...

57 epoch begins...

58 epoch begins...

59 epoch begins...

60 epoch begins...
2019-05-02 09:42:54.988661 Train Epoch60: Classification Loss: 40.7476; Producing Loss: 109.0802
60 epoch ends 


61 epoch begins...

62 epoch begins...

63 epoch begins...

64 epoch begins...

65 epoch begins...

66 epoch begins...

67 epoch begins...

68 epoch begins...

69 epoch begins...

70 epoch begins...
2019-05-02 10:11:52.709767 Train Epoch70: Classification Loss: 38.7523; Producing Loss: 92.0416
70 epoch ends 


71 epoch begins...

72 epoch begins...

73 epoch begins...

74 epoch begins...

75 epoch begins...

76 epoch begins...

77 epoch begins...

78 epoch begins...

79 epoch begins...

80 epoch begins...
2019-05-02 10:40:48.779579 Train Epoch80: Classification Loss: 36.6060; Producing Loss: 86.0009
80 epoch ends 


81 epoch begins...

82 epoch begins...

83 epoch begins...

84 epoch begins...

85 epoch begins...

86 epoch begins...

87 epoch begins...

88 epoch begins...

89 epoch begins...

90 epoch begins...
2019-05-02 11:09:44.580463 Train Epoch90: Classification Loss: 33.9116; Producing Loss: 79.6069
90 epoch ends 


91 epoch begins...

92 epoch begins...

93 epoch begins...

94 epoch begins...

95 epoch begins...

96 epoch begins...

97 epoch begins...

98 epoch begins...

99 epoch begins...

100 epoch begins...
2019-05-02 11:38:46.209820 Train Epoch100: Classification Loss: 32.5637; Producing Loss: 73.1525
100 epoch ends 

Validation starts ...
saved to /home/leishi/vqa2019/results/predictions_100epoch.txt

confusion matrix
[[ 16   0   0   6   0   0   0   0   0   0   0   0   0   0   0   1   0   0
    0   0   0   0   0   0   0   0   0   0   0   0   0   0   0   0   0   0
    0   0   0   0   0   0   0   4   0   0   0   0   0   0   0   0   0   0
    0   0   0   0   0   0   3   0   0   0]
 [  0   5   0   0   0   0   0   0   0   0   0   0   0   0   0   0   0   0
    0   0   0   0   0   0   0   0   0   0   0   0   0   0   0   0   0   0
    0   0   0   0   0   0   0   0   0   0   0   0   0   0   0   0   0   0
    0   0   0   0   0   0   0   0   0   0]
 [  0   0   6   0   0   0   0   0   0   0   0   0   0   0   0   0   0   0
    0   0   0   0   2   0   0   0   0   0   0   0   0   0   0   0   0   0
    0   0   0   0   0   0   0   0   0   0   0   0   0   0   0   0   0   0
    0   0   0   0   0   0   0   0   0   0]
 [  3   0   0  19   0   0   0   0   0   0   0   0   0   0   0   2   0   0
    0   0   2   0   0   0   0   0   0   0   0   0   0   0   0   0   0   0
    0   0   0   0   0   0   0   6   2   0   0   0   0   0   0   0   0   0
    0   0   0   0   0   0   0   0   0   0]
 [  0   0   0   0  16   0   0   0   0   0   0   0   0   0   0   0   0   0
    0   0   0   0   0   0   0   0   0   0   0   0   0   0   0   0   0   0
    0   0   0   0   1   0   0   0   0   0   0   0   0   0   0   0   0   0
    0   0   0   0   0   0   0   0   0   0]
 [  0   0   0   0   0   0   0   0   0   0   0   0   0   0   0   0   0   0
    0   0   0   0   0   0   0   0   0   0   0   0   0   0   0   0   0   0
    0   0   0   0   0   0   0   0   0   0   0   0   0   0   0   0   0   0
    0   0   0   0   0   0   0   0   0   0]
 [  0   0   0   0   0   0  60   3   0   1   0   0   0   0   0   0   0   0
    0   0   0   0   0   2   0   0   0   0   0   0   3   0   3   0   0   0
    0   0   0   0   0   0   0   0   0   0   0   0   0   0   1   0   0   0
    0   0   0   0   3   0   0   0   0   0]
 [  0   0   0   0   0   0   4  35   0  10   0   0   0   0   0   0   0   0
    0   0   0   0   0   5   0   0   0   0   0   0   1   0   0   0   0   0
    0   0   0   0   0   0   0   0   0   0   0   0   0   0   0   0   0   0
    0   0   0   4   0   0   0   0   0   0]
 [  0   0   0   0   0   0   0   0   0   0   0   0   0   0   0   0   0   0
    0   0   0   0   0   0   0   0   0   0   0   0   0   0   0   0   0   1
    0   0   0   0   0   0   0   0   0   0   0   0   0   0   0   0   0   0
    0   0   0   0   0   0   0   0   0   0]
 [  0   0   0   0   0   0   1   9   0  10   0   0   0   0   0   0   0   0
    0   0   0   0   0   4   0   0   0   0   0   0   1   0   1   0   0   0
    0   0   0   0   0   0   0   0   0   0   0   0   0   0   1   0   0   0
    0   0   0   3   0   0   0   0   0   0]
 [  0   0   0   0   0   0   0   0   0   0   0   0   1   0   0   0   0   0
    0   0   0   0   0   0   0   0   0   0   0   0   0   0   0   0   0   0
    0   0   0   0   0   0   0   1   0   0   0   0   0   0   0   0   0   0
    0   0   0   0   0   0   1   0   0   0]
 [  0   0   0   0   0   0   0   0   0   0   0   0   0   0   0   0   0   0
    0   0   0   0   0   0   0   0   0   0   0   0   0   0   0   0   0   0
    0   0   0   0   0   0   0   0   0   0   0   0   0   0   0   0   0   0
    0   0   0   0   0   0   0   0   0   0]
 [  0   0   0   0   0   0   0   0   0   0   3   0   3   0   0   0   0   0
    0   0   0   0   0   0   0   0   0   0   0   0   0   0   0   0   0   0
    0   0   0   0   0   0   0   0   1   0   0   0   0   0   0   0   0   0
    0   0   0   0   0   0   0   0   0   0]
 [  0   0   0   0   0   0   0   0   0   0   0   0   0   1   0   0   0   0
    0   0   0   0   1   0   0   0   0   0   0   0   0   1   0   0   0   0
    0   0   0   0   0   0   0   0   0   0   0   0   0   0   0   0   0   0
    0   0   1   0   0   0   0   0   0   0]
 [  0   0   0   0   0   0   0   0   0   0   0   0   0   0   0   0   0   0
    0   0   0   0   0   0   0   0   0   0   0   0   0   0   0   0   0   0
    0   0   0   0   0   0   0   0   0   0   0   0   0   2   0   0   0   0
    0   0   0   0   0   0   0   0   0   0]
 [  3   0   0   1   0   0   0   0   0   0   0   0   0   0   0   2   0   0
    0   0   1   0   0   0   0   0   0   0   0   0   0   0   0   0   0   0
    0   0   0   0   0   0   0   2   1   0   0   0   0   0   0   0   0   0
    0   0   0   0   0   0   1   0   0   0]
 [  0   0   0   0   0   0   0   0   0   0   0   0   0   0   0   0   1   0
    0   0   0   0   0   0   0   0   0   1   0   0   0   0   0   0   0   0
    2   0   1   0   0   0   0   0   0   0   0   0   0   0   0   0   0   0
    0   0   0   0   0   0   0   0   0   0]
 [  0   0   0   0   0   0   0   0   0   0   0   0   0   0   0   0   0   0
    0   0   0   0   0   0   0   0   0   0   0   0   0   0   0   0   0   0
    0   0   0   0   0   0   0   0   0   0   0   0   0   0   0   1   0   0
    0   0   0   0   0   0   0   0   0   0]
 [  1   0   0   0   0   0   0   0   0   0   0   0   0   0   0   0   0   0
   58   0   1   0   1   1   0   0   0   0   0   0   1   0   0   0   0   0
    0   0   0   0   0   0   0   0   0   1  16   0   0   0   0   0   0   0
    0   0   0   0   0   0   0   0   0   0]
 [  0   0   0   0   0   0   0   0   0   0   0   0   0   0   0   0   0   0
    0  11   0   5   0   0   0   0   0   0   0   0   0   0   0   0   0   0
    0   0   0   0   0   0   0   0   0   0   0   0   0   0   0   0   0   0
    0   0   0   0   0   0   0   0   0   0]
 [  0   0   0   3   0   0   0   0   0   0   0   0   0   0   0   2   0   0
    0   0  12   0   0   0   0   0   0   0   0   0   0   0   0   0   0   0
    0   0   0   0   0   0   0   3   0   0   0   0   0   0   0   0   0   0
    0   0   0   0   0   0   0   0   0   0]
 [  0   0   0   0   0   0   0   0   0   0   0   0   0   0   0   0   0   0
    0   5   0  11   0   0   0   0   0   0   0   0   0   0   0   0   0   0
    0   0   0   0   0   0   0   0   0   0   0   0   0   0   0   0   0   0
    0   0   0   0   0   0   0   0   0   0]
 [  0   0   1   0   0   0   0   0   0   0   0   0   0   0   0   0   0   0
    0   0   0   0  83   0   0   0   0   0   0   0   0   0   0   0   0   0
    0   0   0   0   0   0   0   0   0   0   0   0   0   0   0   1   0   0
    0   0   1   0   0   0   0   0   0   0]
 [  0   0   0   0   0   0   0   3   0   0   0   0   0   0   0   0   0   0
    0   0   0   0   0  26   0   0   0   0   0   0   1   0   2   0   0   0
    0   0   0   0   0   0   0   0   0   0   0   0   0   0   0   0   0   0
    0   0   0   1   0   0   0   0   0   0]
 [  1   0   0   0   0   0   0   0   0   0   0   0   0   0   0   0   0   0
    0   0   0   0   0   0   0   0   0   0   0   0   0   0   0   0   0   0
    0   0   0   0   0   0   0   0   0   0   0   0   0   0   0   0   0   0
    0   0   0   0   0   0   0   0   0   0]
 [  0   0   0   0   0   0   0   0   0   0   0   0   0   1   0   0   0   0
    0   0   0   0   2   0   0   1   0   0   0   0   0   1   0   0   0   0
    0   0   0   0   0   0   0   0   0   0   0   0   0   0   0   0   0   0
    0   0   0   0   0   0   0   0   0   0]
 [  0   0   0   0   0   0   0   0   0   0   0   0   0   0   0   0   0   0
    0   0   0   0   0   0   0   0   5   0   0   0   0   0   0   0   0   0
    0   0   0   0   1   0   0   0   0   0   0   0   0   0   0   0   0   0
    0   0   0   0   0   0   0   0   0   0]
 [  0   0   0   0   0   0   0   0   0   0   0   0   0   0   0   0   0   0
    0   0   0   0   0   0   0   0   0   3   0   0   0   0   0   0   0   0
    0   0   0   0   0   0   0   0   0   0   0   0   0   0   0   0   0   0
    0   0   0   0   0   0   0   0   0   0]
 [  0   0   0   0   0   0   0   0   0   0   0   0   0   0   0   0   0   0
    0   0   0   0   0   0   0   0   0   0   0   0   0   0   0   0   0   0
    0   0   0   0   0   0   0   0   0   0   0   0   0   0   0   0   0   0
    0   0   0   0   0   0   0   0   0   0]
 [  0   0   0   0   0   0   0   0   0   0   0   0   0   0   0   0   0   0
    0   0   0   0   0   0   0   0   0   0   0   1   0   0   0   0   0   0
    0   0   0   0   0   0   0   0   0   1   0   0   0   0   0   0   0   0
    0   0   0   0   0   0   0   0   0   0]
 [  0   0   0   0   0   0   5   1   0   0   0   0   0   0   0   0   0   0
    0   0   0   0   0   4   0   0   0   0   0   0 158   0   0   0   0   0
    0   0   0   0   0   0   0   0   0   0   0   0   0   0   8   0   0   0
    0   0   0   0   1   0   0   0   0   0]
 [  0   0   0   0   0   0   0   0   0   0   0   0   0   1   0   0   0   0
    0   0   0   0   0   0   0   0   0   0   0   0   0   3   0   0   0   0
    0   0   0   0   0   0   0   0   0   0   0   0   0   0   0   0   0   0
    0   0   0   0   0   0   0   0   0   0]
 [  0   0   0   0   0   0   0   3   0   1   0   0   0   0   0   0   0   0
    0   0   0   0   0   4   0   0   0   0   0   0   0   0   5   0   0   0
    0   0   0   0   0   0   0   0   0   0   0   0   1   0   1   0   0   0
    0   0   0   1   1   0   0   0   0   0]
 [  0   0   0   0   0   0   0   0   0   0   0   0   0   0   0   0   0   0
    0   0   0   0   0   0   0   0   0   0   0   0   0   0   0   6   0   0
    0   0   0   0   0   0   0   0   0   0   0   0   0   0   0   3   0   0
    0   0   0   0   0   0   0   0   0   0]
 [  0   0   0   0   0   0   0   0   0   0   0   0   0   0   0   0   0   0
    0   0   0   0   0   0   0   0   0   0   0   0   0   0   0   0   0   0
    0   0   0   0   0   0   0   0   0   0   0   0   0   0   0   0   0   0
    0   0   0   0   0   0   0   0   0   0]
 [  0   0   0   0   0   0   0   0   0   0   0   0   0   0   0   0   0   0
    0   0   0   0   0   0   0   0   0   0   0   0   0   0   0   0   0   0
    0   0   3   0   0   0   0   0   0   0   0   0   0   0   0   0   0   0
    0   0   0   0   0   0   0   0   0   0]
 [  0   0   0   0   0   0   0   0   0   0   0   0   0   0   0   0   1   0
    0   0   0   0   0   0   0   0   0   0   0   0   0   0   0   1   0   0
    2   0   0   0   0   0   0   0   0   0   0   0   0   0   0   0   0   0
    0   0   1   0   0   0   0   0   0   0]
 [  0   0   0   0   0   0   0   0   0   0   0   0   0   0   0   0   1   0
    0   0   0   0   0   0   0   0   0   0   0   0   0   0   0   0   0   0
    2   0   2   0   0   0   0   0   0   0   0   0   0   0   0   0   0   0
    0   0   0   0   0   0   0   1   0   0]
 [  0   0   0   0   0   0   0   0   0   0   0   0   0   0   0   0   0   0
    0   0   0   0   0   0   0   0   0   0   0   0   0   0   0   0   0   2
    0   0   3   0   0   0   0   0   0   0   0   0   0   0   0   0   0   0
    1   0   0   0   0   0   0   0   0   0]
 [  0   0   0   0   0   0   0   0   0   0   0   0   0   0   0   0   0   0
    0   0   0   0   0   0   0   0   0   0   0   0   0   0   0   0   0   0
    0   0   0   0   0   0   0   0   0   0   0   0   0   0   0   0   0   0
    0   0   0   0   0   0   0   0   0   0]
 [  0   0   0   0   4   0   0   0   0   0   0   0   0   0   0   0   0   0
    0   0   0   0   0   0   0   0   0   0   0   0   0   0   0   0   0   0
    0   0   0   0  27   0   0   0   0   0   0   0   0   0   0   0   0   0
    0   0   0   0   0   0   0   0   0   0]
 [  1   0   0   0   0   0   0   0   0   0   0   0   0   0   0   0   0   0
    0   0   0   0   0   0   0   0   0   0   0   0   0   0   0   0   0   0
    0   0   0   0   0   0   0   0   0   0   0   0   0   0   0   0   0   0
    0   0   0   0   0   0   0   0   0   0]
 [  0   0   0   0   0   0   0   0   0   0   0   0   0   0   0   0   0   0
    0   0   0   0   0   0   0   0   0   0   0   0   0   0   0   0   0   0
    0   0   0   0   0   2   4   0   0   0   0   0   0   0   0   0   0   0
    0   0   0   0   0   0   0   0   0   0]
 [  1   0   0   7   0   0   0   0   0   0   0   0   0   0   0   3   0   0
    0   0   5   0   0   0   0   0   0   0   0   0   0   0   0   0   0   0
    0   0   0   0   0   0   0   4   1   0   0   0   0   0   0   0   0   0
    0   0   0   0   0   0   2   0   0   0]
 [  0   0   0   1   0   0   0   0   0   0   1   0   0   0   0   0   0   0
    0   0   0   0   0   0   0   0   0   0   0   0   0   0   0   0   0   0
    0   0   0   0   0   0   0   1  45   0   0   0   0   0   0   0   0   0
    0   6   0   0   0   0  11   0   0   0]
 [  0   0   0   0   0   0   0   0   0   0   0   0   0   0   0   0   0   0
    0   0   0   0   0   0   0   0   0   0   0   0   0   0   0   0   0   0
    0   0   0   0   0   0   0   0   0   4   0   0   0   0   0   0   0   0
    0   0   0   0   0   0   0   0   0   0]
 [  0   0   0   0   0   0   0   0   0   0   0   0   0   0   0   0   0   0
   12   0   0   0   2   1   0   0   0   0   0   0   1   0   0   0   0   0
    0   0   0   0   0   0   0   0   0   0 106   0   0   0   0   0   0   0
    0   0   0   0   0   0   0   0   0   0]
 [  0   0   0   0   0   0   0   0   0   0   0   0   0   0   0   0   0   0
    0   0   0   0   0   0   0   0   0   0   0   0   0   0   0   0   0   0
    0   0   0   0   0   0   0   0   0   0   0   0   0   0   0   0   0   0
    0   0   0   0   0   0   0   0   0   0]
 [  0   0   0   0   0   0   1   1   0   0   0   0   0   0   0   0   0   0
    0   0   0   0   0   0   0   0   0   0   0   0   0   0   0   0   0   0
    0   0   0   0   0   0   0   0   0   0   0   0   8   0   0   0   0   0
    0   0   0   0   1   0   0   0   0   0]
 [  0   0   0   0   0   0   0   0   0   0   0   0   0   0   0   0   0   0
    0   0   0   0   0   0   0   0   0   0   0   0   0   0   0   0   0   0
    0   0   0   0   0   0   0   0   0   0   0   0   0   4   0   2   0   0
    0   0   0   0   0   0   0   1   0   0]
 [  0   0   0   0   0   0   2   2   0   2   0   0   0   0   0   0   0   0
    0   0   0   0   0   2   0   0   0   0   0   0  10   0   2   0   0   0
    0   0   0   0   0   0   0   0   0   0   0   0   0   0   6   0   0   0
    0   0   0   0   3   0   0   0   0   0]
 [  0   0   0   0   0   0   0   0   0   0   0   0   0   0   0   0   0   0
    0   0   0   0   0   0   0   0   0   0   0   0   0   0   0   3   0   0
    0   0   0   0   0   0   0   0   0   0   0   0   0   0   0   4   0   0
    0   0   0   0   0   0   0   0   0   0]
 [  0   0   0   0   0   0   0   0   0   0   0   0   0   0   0   0   0   0
    0   0   0   0   0   0   0   0   0   0   0   0   0   0   0   0   0   0
    0   1   0   0   0   0   0   0   0   0   0   0   0   0   0   0   0   0
    0   0   0   0   0   0   0   0   0   0]
 [  0   0   0   0   0   0   0   0   0   0   0   0   0   0   0   1   0   0
    0   0   0   0   0   0   0   0   0   0   0   0   0   0   0   0   0   0
    0   0   0   0   0   0   0   1   1   0   0   0   0   0   0   0   0   0
    0   1   0   0   0   0   0   0   0   0]
 [  0   0   0   0   0   0   0   0   0   0   0   0   0   0   0   0   0   0
    0   0   0   0   0   0   0   0   0   0   0   0   0   0   0   1   0   0
    0   0   0   0   0   0   0   0   0   0   0   0   0   0   0   0   0   0
   19   0   0   0   0   0   0   0   0   0]
 [  0   0   0   0   0   0   0   0   0   0   2   0   2   0   0   0   0   0
    0   0   0   0   0   0   0   0   0   0   0   0   0   0   0   0   0   0
    0   0   0   0   0   0   0   2  12   0   0   0   0   0   0   0   0   0
    0  54   0   0   0   0   9   0   0   0]
 [  0   0   0   0   0   0   0   0   0   0   0   0   0   0   0   0   1   0
    0   0   0   0   2   0   0   0   0   0   0   0   0   0   0   0   0   0
    0   0   0   0   0   0   0   0   0   0   0   0   0   0   0   0   0   0
    0   0  15   0   0   0   0   0   0   0]
 [  0   0   0   0   0   0   3   5   0   3   0   0   0   0   0   0   0   0
    0   0   0   0   0   3   0   0   0   0   0   0   1   0   3   0   0   0
    0   0   0   0   0   0   0   0   0   0   0   0   0   0   1   0   0   0
    0   0   0   2   0   0   0   0   0   0]
 [  0   0   0   0   0   0   3   0   0   0   0   0   0   0   0   0   0   0
    0   0   0   0   0   0   0   0   0   0   0   0   5   0   1   0   0   0
    0   0   0   0   0   0   0   0   0   0   0   0   0   0   2   0   0   0
    0   0   0   3  33   0   0   0   0   0]
 [  0   2   0   0   0   0   0   0   0   0   0   0   0   0   0   0   0   0
    0   0   0   0   0   0   0   0   0   0   0   0   0   0   0   0   0   0
    0   0   0   0   0   0   0   0   0   0   0   0   0   0   0   0   0   0
    0   0   0   0   0   9   0   0   0   0]
 [  0   0   0   0   0   0   0   0   0   0   2   0   3   0   0   0   0   0
    0   0   0   0   0   0   0   0   0   0   0   0   0   0   0   0   0   0
    0   0   0   0   0   0   0   0   7   0   0   0   0   0   0   0   0   0
    0   2   0   0   0   0 199   0   0   0]
 [  0   1   0   0   0   0   0   0   0   0   0   0   0   0   0   0   0   0
    0   0   0   0   0   0   0   0   0   0   0   0   0   0   0   0   0   0
    0   0   0   0   0   0   0   0   0   0   0   0   0   1   0   2   0   0
    0   0   0   0   0   1   0   4   1   0]
 [  0   0   0   0   0   0   0   0   0   0   0   0   0   0   0   0   0   0
    0   0   0   0   0   0   0   0   0   0   0   0   0   0   0   0   0   0
    0   0   0   0   0   0   0   0   0   0   0   0   0   0   0   0   0   0
    0   0   0   0   0   1   0   0   0   0]
 [  5   3   2   6  21   3  15   6   3   2   2   1   1   8   3   4   3   4
   10   1   4   1  81   8   0   3   3  10   3   0  39   2   3   6   2   1
    9  10   6   1  19   0   0   7   8   1   2   2   0   5   7  12  12   0
   16   4  26   5   3  13  40   2   0   0]]

accuracy:  0.5545

bleu for abnormality:  0.02538103629286054

bleu for all answers:  0.132452894063821

Saving checkpoints

101 epoch begins...

102 epoch begins...

103 epoch begins...

104 epoch begins...

105 epoch begins...

106 epoch begins...

107 epoch begins...

108 epoch begins...

109 epoch begins...

110 epoch begins...
2019-05-02 12:08:16.082430 Train Epoch110: Classification Loss: 28.0617; Producing Loss: 61.4426
110 epoch ends 


111 epoch begins...

112 epoch begins...

113 epoch begins...

114 epoch begins...

115 epoch begins...

116 epoch begins...

117 epoch begins...

118 epoch begins...

119 epoch begins...

120 epoch begins...
2019-05-02 12:37:10.529793 Train Epoch120: Classification Loss: 27.5270; Producing Loss: 61.7818
120 epoch ends 


121 epoch begins...

122 epoch begins...

123 epoch begins...

124 epoch begins...

125 epoch begins...

126 epoch begins...

127 epoch begins...

128 epoch begins...

129 epoch begins...

130 epoch begins...
2019-05-02 13:06:00.377032 Train Epoch130: Classification Loss: 25.6536; Producing Loss: 53.7231
130 epoch ends 


131 epoch begins...

132 epoch begins...

133 epoch begins...

134 epoch begins...

135 epoch begins...

136 epoch begins...

137 epoch begins...

138 epoch begins...

139 epoch begins...

140 epoch begins...
2019-05-02 13:34:54.329597 Train Epoch140: Classification Loss: 24.5765; Producing Loss: 55.5245
140 epoch ends 


141 epoch begins...

142 epoch begins...

143 epoch begins...

144 epoch begins...

145 epoch begins...

146 epoch begins...

147 epoch begins...

148 epoch begins...

149 epoch begins...

150 epoch begins...
2019-05-02 14:03:45.926162 Train Epoch150: Classification Loss: 23.6633; Producing Loss: 53.0441
150 epoch ends 


151 epoch begins...

152 epoch begins...

153 epoch begins...

154 epoch begins...

155 epoch begins...

156 epoch begins...

157 epoch begins...

158 epoch begins...

159 epoch begins...

160 epoch begins...
2019-05-02 14:32:36.643187 Train Epoch160: Classification Loss: 22.5040; Producing Loss: 48.3392
160 epoch ends 


161 epoch begins...

162 epoch begins...

163 epoch begins...

164 epoch begins...

165 epoch begins...

166 epoch begins...

167 epoch begins...

168 epoch begins...

169 epoch begins...

170 epoch begins...
2019-05-02 15:01:24.087896 Train Epoch170: Classification Loss: 20.5499; Producing Loss: 45.2250
170 epoch ends 


171 epoch begins...

172 epoch begins...

173 epoch begins...

174 epoch begins...

175 epoch begins...

176 epoch begins...

177 epoch begins...

178 epoch begins...

179 epoch begins...

180 epoch begins...
2019-05-02 15:30:15.388704 Train Epoch180: Classification Loss: 20.3864; Producing Loss: 46.0052
180 epoch ends 


181 epoch begins...

182 epoch begins...

183 epoch begins...

184 epoch begins...

185 epoch begins...

186 epoch begins...

187 epoch begins...

188 epoch begins...

189 epoch begins...

190 epoch begins...
2019-05-02 15:59:04.940358 Train Epoch190: Classification Loss: 19.9324; Producing Loss: 45.8231
190 epoch ends 


191 epoch begins...

192 epoch begins...

193 epoch begins...

194 epoch begins...

195 epoch begins...

196 epoch begins...

197 epoch begins...

198 epoch begins...

199 epoch begins...

200 epoch begins...
2019-05-02 16:27:55.916394 Train Epoch200: Classification Loss: 19.6862; Producing Loss: 40.6224
200 epoch ends 

Validation starts ...
saved to /home/leishi/vqa2019/results/predictions_200epoch.txt

confusion matrix
[[ 17   0   0   6   0   0   0   0   0   0   0   0   0   0   1   0   0   0
    0   0   0   0   0   0   0   0   0   0   0   0   0   0   0   0   0   0
    0   0   0   0   0   0   2   0   0   0   0   0   0   0   0   0   0   0
    2   0   0   0   0   2   0   0   0]
 [  0   5   0   0   0   0   0   0   0   0   0   0   0   0   0   0   0   0
    0   0   0   0   0   0   0   0   0   0   0   0   0   0   0   0   0   0
    0   0   0   0   0   0   0   0   0   0   0   0   0   0   0   0   0   0
    0   0   0   0   0   0   0   0   0]
 [  0   0   6   0   0   0   0   0   0   0   0   0   0   0   0   0   0   0
    0   0   0   0   2   0   0   0   0   0   0   0   0   0   0   0   0   0
    0   0   0   0   0   0   0   0   0   0   0   0   0   0   0   0   0   0
    0   0   0   0   0   0   0   0   0]
 [  5   0   0  19   0   0   0   0   0   0   0   0   0   0   2   0   0   0
    0   2   0   0   0   0   0   0   0   0   0   0   0   0   0   0   0   0
    0   0   0   0   0   0   5   1   0   0   0   0   0   0   0   0   0   0
    0   0   0   0   0   0   0   0   0]
 [  0   0   0   0  15   0   0   0   0   0   0   0   0   0   0   0   0   0
    0   0   0   0   0   0   0   0   0   0   0   0   0   0   0   0   0   0
    0   0   0   2   0   0   0   0   0   0   0   0   0   0   0   0   0   0
    0   0   0   0   0   0   0   0   0]
 [  0   0   0   0   0   0   0   0   0   0   0   0   0   0   0   0   0   0
    0   0   0   0   0   0   0   0   0   0   0   0   0   0   0   0   0   0
    0   0   0   0   0   0   0   0   0   0   0   0   0   0   0   0   0   0
    0   0   0   0   0   0   0   0   0]
 [  0   0   0   0   0   0  61   2   0   2   0   0   0   0   0   0   0   0
    0   0   0   0   0   1   0   0   0   0   0   0   2   0   2   0   0   0
    0   0   0   0   0   0   0   0   0   0   0   1   0   2   0   0   0   0
    0   0   0   3   0   0   0   0   0]
 [  0   0   0   0   0   0   3  41   0   8   0   0   0   0   0   0   0   0
    0   0   0   0   0   1   0   0   0   0   0   0   1   0   0   0   0   0
    0   0   0   0   0   0   0   0   0   0   0   0   0   0   0   0   0   0
    0   0   3   2   0   0   0   0   0]
 [  0   0   0   0   0   0   0   0   0   0   0   0   0   0   0   0   0   0
    0   0   0   0   0   0   0   0   0   0   0   0   0   0   0   0   1   0
    0   0   0   0   0   0   0   0   0   0   0   0   0   0   0   0   0   0
    0   0   0   0   0   0   0   0   0]
 [  0   0   0   0   0   0   1  10   0  12   0   0   0   0   0   0   0   0
    0   0   0   0   0   3   0   0   0   0   0   0   1   0   0   0   0   0
    0   0   0   0   0   0   0   0   0   0   0   0   0   1   0   0   0   0
    0   0   2   0   0   0   0   0   0]
 [  0   0   0   0   0   0   0   0   0   0   1   0   0   0   0   0   0   0
    0   0   0   0   0   0   0   0   0   0   0   0   0   0   0   0   0   0
    0   0   0   0   0   0   1   0   0   0   0   0   0   0   0   0   0   0
    0   0   0   0   0   1   0   0   0]
 [  0   0   0   0   0   0   0   0   0   0   2   3   0   0   0   0   0   0
    0   0   0   0   0   0   0   0   0   0   0   0   0   0   0   0   0   0
    0   0   0   0   0   0   0   1   0   0   0   0   0   0   0   0   0   0
    1   0   0   0   0   0   0   0   0]
 [  0   0   0   0   0   0   0   0   0   0   0   0   2   0   0   0   0   0
    0   0   0   0   1   0   0   0   0   0   0   0   0   0   0   0   0   0
    0   0   0   0   0   0   0   0   0   0   0   0   0   0   0   0   0   0
    0   1   0   0   0   0   0   0   0]
 [  0   0   0   0   0   0   0   0   0   0   0   0   0   0   0   0   0   0
    0   0   0   0   0   0   0   0   0   0   0   0   0   0   0   0   0   0
    0   0   0   0   0   0   0   0   0   0   0   0   2   0   0   0   0   0
    0   0   0   0   0   0   0   0   0]
 [  3   0   0   3   0   0   0   0   0   0   0   0   0   0   1   0   0   0
    0   1   0   0   0   0   0   0   0   0   0   0   0   0   0   0   0   0
    0   0   0   0   0   0   1   1   0   0   0   0   0   0   0   0   0   0
    0   0   0   0   0   1   0   0   0]
 [  0   0   0   0   0   0   0   0   0   0   0   0   0   0   0   2   0   0
    0   0   0   0   0   0   0   0   0   1   0   0   0   0   0   0   0   2
    0   0   0   0   0   0   0   0   0   0   0   0   0   0   0   0   0   0
    0   0   0   0   0   0   0   0   0]
 [  0   0   0   0   0   0   0   0   0   0   0   0   0   0   0   0   0   0
    0   0   0   0   0   0   0   0   0   0   0   0   0   0   0   0   0   0
    0   0   0   0   0   0   0   0   0   0   0   0   0   0   1   0   0   0
    0   0   0   0   0   0   0   0   0]
 [  0   0   0   0   0   0   2   1   0   0   0   0   0   0   0   0   0  60
    0   0   0   0   1   0   0   0   1   0   0   0   1   0   0   0   0   0
    0   0   0   0   0   0   0   0   0  14   0   0   0   0   0   0   0   0
    0   0   0   0   0   0   0   0   0]
 [  0   0   0   0   0   0   0   0   0   0   0   0   0   0   0   0   0   0
   12   0   0   4   0   0   0   0   0   0   0   0   0   0   0   0   0   0
    0   0   0   0   0   0   0   0   0   0   0   0   0   0   0   0   0   0
    0   0   0   0   0   0   0   0   0]
 [  0   0   0   3   0   0   0   0   0   0   0   0   0   0   1   0   0   0
    0  12   0   0   0   0   0   0   0   0   0   0   0   0   0   0   0   0
    0   0   0   0   0   0   4   0   0   0   0   0   0   0   0   0   0   0
    0   0   0   0   0   0   0   0   0]
 [  0   0   0   0   0   0   0   0   0   0   0   0   0   0   0   0   0   0
    0   0   0   0   0   0   0   0   0   0   0   0   0   0   0   0   0   0
    0   0   0   0   0   0   0   0   0   0   0   0   0   0   0   0   0   0
    0   0   0   0   0   0   0   0   0]
 [  0   0   0   0   0   0   0   0   0   0   0   0   0   0   0   0   0   0
    7   0   0   9   0   0   0   0   0   0   0   0   0   0   0   0   0   0
    0   0   0   0   0   0   0   0   0   0   0   0   0   0   0   0   0   0
    0   0   0   0   0   0   0   0   0]
 [  0   0   0   0   0   0   0   0   0   0   0   0   1   0   0   0   0   0
    0   0   0   0  82   0   0   1   0   0   0   0   0   0   0   0   0   0
    0   0   0   0   0   0   0   0   0   0   0   0   0   0   1   0   0   0
    0   1   0   0   0   0   0   0   0]
 [  0   0   0   0   0   0   1   6   0   0   0   0   0   0   0   0   0   0
    0   0   0   0   0  21   0   0   0   0   0   0   1   0   3   0   0   0
    0   0   0   0   0   0   0   0   0   0   0   0   0   0   0   0   0   0
    0   0   1   0   0   0   0   0   0]
 [  1   0   0   0   0   0   0   0   0   0   0   0   0   0   0   0   0   0
    0   0   0   0   0   0   0   0   0   0   0   0   0   0   0   0   0   0
    0   0   0   0   0   0   0   0   0   0   0   0   0   0   0   0   0   0
    0   0   0   0   0   0   0   0   0]
 [  0   0   0   0   0   0   0   0   0   0   0   0   2   0   0   0   0   0
    0   0   0   0   1   0   0   1   0   0   0   0   0   1   0   0   0   0
    0   0   0   0   0   0   0   0   0   0   0   0   0   0   0   0   0   0
    0   0   0   0   0   0   0   0   0]
 [  0   0   0   0   0   0   0   0   0   0   0   0   0   0   0   0   0   0
    0   0   0   0   0   0   0   0   5   0   0   0   0   0   0   0   0   0
    0   0   0   1   0   0   0   0   0   0   0   0   0   0   0   0   0   0
    0   0   0   0   0   0   0   0   0]
 [  0   0   0   0   0   0   0   0   0   0   0   0   0   0   0   0   0   0
    0   0   0   0   0   0   0   0   0   3   0   0   0   0   0   0   0   0
    0   0   0   0   0   0   0   0   0   0   0   0   0   0   0   0   0   0
    0   0   0   0   0   0   0   0   0]
 [  0   0   0   0   0   0   0   0   0   0   0   0   0   0   0   0   0   0
    0   0   0   0   0   0   0   0   0   0   0   0   0   0   0   0   0   0
    0   0   0   0   0   0   0   0   0   0   0   0   0   0   0   0   0   0
    0   0   0   0   0   0   0   0   0]
 [  0   0   0   0   0   0   0   0   0   0   0   0   0   0   0   0   0   0
    0   0   0   0   0   0   0   0   0   0   0   1   0   0   0   0   0   0
    0   0   0   0   0   0   0   0   1   0   0   0   0   0   0   0   0   0
    0   0   0   0   0   0   0   0   0]
 [  0   0   0   0   0   0   3   0   0   1   0   0   0   0   0   0   0   0
    0   0   0   0   0   3   0   0   0   0   0   0 162   0   0   0   0   0
    0   0   0   0   0   0   0   0   0   0   0   0   0   6   0   0   0   0
    0   0   0   2   0   0   0   0   0]
 [  0   0   0   0   0   0   0   0   0   0   0   0   0   0   0   0   0   0
    0   0   0   0   1   0   0   0   0   0   0   0   0   3   0   0   0   0
    0   0   0   0   0   0   0   0   0   0   0   0   0   0   0   0   0   0
    0   0   0   0   0   0   0   0   0]
 [  0   0   0   0   0   0   0   4   0   0   0   0   0   0   0   0   0   0
    0   0   0   0   0   5   0   0   0   0   0   0   0   0   6   0   0   0
    0   0   0   0   0   0   0   0   0   0   0   0   0   1   0   0   0   0
    0   0   0   1   0   0   0   0   0]
 [  0   0   0   0   0   0   0   0   0   0   0   0   0   0   0   0   0   0
    0   0   0   0   0   0   0   0   0   0   0   0   0   0   0   6   0   0
    0   0   0   0   0   0   0   0   0   0   0   0   0   0   2   0   0   0
    0   0   0   0   0   0   1   0   0]
 [  0   0   0   0   0   0   0   0   0   0   0   0   0   0   0   0   0   0
    0   0   0   0   0   0   0   0   0   0   0   0   0   0   0   0   1   0
    0   2   0   0   0   0   0   0   0   0   0   0   0   0   0   0   0   0
    0   0   0   0   0   0   0   0   0]
 [  0   0   0   0   0   0   0   0   0   0   0   0   0   0   0   0   0   0
    0   0   0   0   0   0   0   0   0   0   0   0   0   0   0   1   0   3
    0   0   0   0   0   0   0   0   0   0   0   0   0   0   0   0   0   0
    0   1   0   0   0   0   0   0   0]
 [  0   0   0   0   0   0   0   0   0   0   0   0   0   0   0   1   0   0
    0   0   0   0   0   0   0   0   0   0   0   0   0   0   0   0   0   2
    0   1   0   0   0   0   0   0   0   0   0   0   0   0   0   1   0   0
    0   0   0   0   0   0   1   0   0]
 [  0   0   0   0   0   0   0   0   0   0   0   0   0   0   0   0   0   0
    0   0   0   0   0   0   0   0   0   0   0   0   0   0   0   0   0   1
    0   4   0   0   0   0   0   0   0   0   0   0   0   0   0   0   0   1
    0   0   0   0   0   0   0   0   0]
 [  0   0   0   0   0   0   0   0   0   0   0   0   0   0   0   0   0   0
    0   0   0   0   0   0   0   0   0   0   0   0   0   0   0   0   0   0
    0   0   0   0   0   0   0   0   0   0   0   0   0   0   0   0   0   0
    0   0   0   0   0   0   0   0   0]
 [  0   0   0   0   3   0   0   0   0   0   0   0   0   0   0   0   0   0
    0   0   0   0   0   0   0   0   1   0   0   0   0   0   0   0   0   0
    0   0   0  27   0   0   0   0   0   0   0   0   0   0   0   0   0   0
    0   0   0   0   0   0   0   0   0]
 [  0   0   0   0   0   0   0   0   0   0   0   0   0   0   0   0   0   0
    0   0   0   0   0   0   0   0   0   0   0   0   0   0   0   0   0   0
    0   0   0   0   0   0   0   0   0   0   0   0   0   0   0   0   0   0
    0   0   0   0   0   1   0   0   0]
 [  0   0   0   0   0   0   0   0   0   0   0   0   0   0   0   0   0   0
    0   0   0   0   0   0   0   0   0   0   0   0   0   0   0   0   0   0
    0   0   0   0   2   4   0   0   0   0   0   0   0   0   0   0   0   0
    0   0   0   0   0   0   0   0   0]
 [  3   0   0   8   0   0   0   0   0   0   0   0   0   0   0   0   0   0
    0   4   0   0   0   0   0   0   0   0   0   0   0   0   0   0   0   0
    0   0   0   0   0   0   5   0   0   0   0   0   0   0   0   0   0   0
    2   0   0   0   0   1   0   0   0]
 [  1   0   0   1   0   0   0   0   0   0   0   0   0   0   0   0   0   0
    0   0   0   0   0   0   0   0   0   0   0   0   0   0   0   0   0   0
    0   0   0   0   0   0   0  42   0   0   0   0   0   0   0   0   0   0
    8   0   0   0   0  13   0   0   0]
 [  0   0   0   0   0   0   0   0   0   0   0   0   0   0   0   0   0   0
    0   0   0   0   0   0   0   0   0   0   0   0   0   0   0   0   0   0
    0   0   0   0   0   0   0   0   4   0   0   0   0   0   0   0   0   0
    0   0   0   0   0   0   0   0   0]
 [  0   0   0   0   0   0   1   0   0   0   0   0   0   0   0   0   0  14
    0   0   0   0   3   1   0   0   0   0   0   0   2   0   0   0   0   0
    0   0   0   0   0   0   0   0   0 101   0   0   0   0   0   0   0   0
    0   0   0   0   0   0   0   0   0]
 [  0   0   0   0   0   0   0   0   0   0   0   0   0   0   0   0   0   0
    0   0   0   0   0   0   0   0   0   0   0   0   0   0   0   0   0   0
    0   0   0   0   0   0   0   0   0   0   0   0   0   0   0   0   0   0
    0   0   0   0   0   0   0   0   0]
 [  0   0   0   0   0   0   2   0   0   0   0   0   0   0   0   0   0   0
    0   0   0   0   0   0   0   0   0   0   0   0   1   0   0   0   0   0
    0   0   0   0   0   0   0   0   0   0   0   7   0   0   0   0   0   0
    0   0   0   1   0   0   0   0   0]
 [  0   0   0   0   0   0   0   0   0   0   0   0   0   0   0   0   0   0
    0   0   0   0   0   0   0   0   0   0   0   0   0   0   0   0   0   0
    0   0   0   0   0   0   0   0   0   0   0   0   4   0   2   0   0   0
    0   0   0   0   0   0   1   0   0]
 [  0   0   0   0   0   0   2   2   0   2   0   0   0   0   0   0   0   0
    0   0   0   0   0   0   0   0   0   0   0   0  11   0   0   0   0   0
    0   0   0   0   0   0   0   0   0   0   0   0   0   8   0   0   0   0
    0   0   0   4   0   0   0   0   0]
 [  0   0   0   0   0   0   0   0   0   0   0   0   0   0   0   0   0   0
    0   0   0   0   0   0   0   0   0   0   0   0   0   0   0   2   0   0
    0   0   0   0   0   0   0   0   0   0   0   0   0   0   5   0   0   0
    0   0   0   0   0   0   0   0   0]
 [  0   0   0   0   0   0   0   0   0   0   0   0   0   0   0   0   0   0
    0   0   0   0   0   0   0   0   0   0   0   0   0   0   0   0   0   0
    1   0   0   0   0   0   0   0   0   0   0   0   0   0   0   0   0   0
    0   0   0   0   0   0   0   0   0]
 [  0   0   0   0   0   0   0   0   0   0   0   0   0   0   0   0   0   0
    0   0   0   0   0   0   0   0   0   0   0   0   0   0   0   0   0   0
    0   0   0   0   0   0   1   1   0   0   0   0   0   0   0   0   0   0
    0   0   0   0   0   2   0   0   0]
 [  0   0   0   0   0   0   0   0   0   0   0   0   0   0   0   0   0   0
    0   0   0   0   0   0   0   0   0   0   0   0   0   0   0   1   0   0
    0   0   0   0   0   0   0   0   0   0   0   0   0   0   0   0   0  19
    0   0   0   0   0   0   0   0   0]
 [  0   0   0   0   0   0   0   0   0   0   2   2   0   0   0   0   0   0
    0   0   0   0   0   0   0   0   0   0   0   0   0   0   0   0   0   0
    0   0   0   0   0   0   2   9   0   0   0   0   0   0   0   0   0   0
   60   0   0   0   0   6   0   0   0]
 [  0   0   0   0   0   0   0   0   0   0   0   0   0   0   0   1   0   0
    0   0   0   0   2   0   0   0   0   0   0   0   0   0   0   0   0   0
    0   0   0   0   0   0   0   0   0   0   0   0   0   0   0   0   0   0
    0  15   0   0   0   0   0   0   0]
 [  0   0   0   0   0   0   2   5   0   2   0   0   0   0   0   0   0   0
    0   0   0   0   0   4   0   0   0   0   0   0   2   0   3   0   0   0
    0   0   0   0   0   0   0   0   0   0   0   0   0   2   0   0   0   0
    0   0   1   0   0   0   0   0   0]
 [  0   0   0   0   0   0   4   0   0   0   0   0   0   0   0   0   0   0
    0   0   0   0   0   0   0   0   0   0   0   0   4   0   0   0   0   0
    0   0   0   0   0   0   0   0   0   0   0   0   0   3   0   0   0   0
    0   0   1  35   0   0   0   0   0]
 [  0   1   0   0   0   0   0   0   0   0   0   0   0   0   0   0   0   0
    0   0   0   0   0   0   0   0   0   0   0   0   0   0   0   0   0   0
    0   0   0   0   0   0   0   0   0   0   0   0   0   0   0   0   0   0
    0   0   0   0  10   0   0   0   0]
 [  0   0   0   0   0   0   0   0   0   0   1   2   0   0   0   0   0   0
    0   0   0   0   0   0   0   0   0   0   0   0   0   0   0   0   0   0
    0   0   0   0   0   0   0   6   0   0   0   0   0   0   0   0   0   0
    6   0   0   0   0 198   0   0   0]
 [  0   1   0   0   0   0   0   0   0   0   0   0   0   0   0   0   0   0
    0   0   0   0   0   0   0   0   0   0   0   0   0   0   0   2   0   0
    0   0   0   0   0   0   0   0   0   0   0   0   0   0   0   0   0   0
    0   0   0   0   0   0   6   1   0]
 [  0   0   0   0   0   0   0   0   0   0   0   0   0   0   0   0   0   0
    0   0   0   0   0   0   0   0   0   0   0   0   0   0   0   0   0   0
    0   0   0   0   0   0   0   0   0   0   0   0   0   0   0   0   0   0
    0   0   0   0   1   0   0   0   0]
 [  3   1   0   4  18   5  28   7   2  10   3   1   4   1   1   7   2  18
    0   2   1   0  64   1   0   8   0  11   2   0  62   2   3   7   4  11
    8  10   1  16   2   0   5   9   0   1   1   0   1  11   7   3   2  18
   12  19   8   4  17  27   4   0   0]]

accuracy:  0.5635

bleu for abnormality:  0.022722343239339478

bleu for all answers:  0.13370016230069903

Saving checkpoints

201 epoch begins...

202 epoch begins...

203 epoch begins...

204 epoch begins...

205 epoch begins...

206 epoch begins...

207 epoch begins...

208 epoch begins...

209 epoch begins...

210 epoch begins...
2019-05-02 16:57:16.062083 Train Epoch210: Classification Loss: 18.3676; Producing Loss: 41.1485
210 epoch ends 


211 epoch begins...

212 epoch begins...

213 epoch begins...

214 epoch begins...

215 epoch begins...

216 epoch begins...

217 epoch begins...

218 epoch begins...

219 epoch begins...

220 epoch begins...
2019-05-02 17:26:05.644443 Train Epoch220: Classification Loss: 18.5026; Producing Loss: 42.1005
220 epoch ends 


221 epoch begins...

222 epoch begins...

223 epoch begins...

224 epoch begins...

225 epoch begins...

226 epoch begins...

227 epoch begins...

228 epoch begins...

229 epoch begins...

230 epoch begins...
2019-05-02 17:54:55.756490 Train Epoch230: Classification Loss: 18.4290; Producing Loss: 42.9986
230 epoch ends 


231 epoch begins...

232 epoch begins...

233 epoch begins...

234 epoch begins...

235 epoch begins...

236 epoch begins...

237 epoch begins...

238 epoch begins...

239 epoch begins...

240 epoch begins...
2019-05-02 18:23:43.886094 Train Epoch240: Classification Loss: 17.6799; Producing Loss: 40.6591
240 epoch ends 


241 epoch begins...

242 epoch begins...

243 epoch begins...

244 epoch begins...

245 epoch begins...

246 epoch begins...

247 epoch begins...

248 epoch begins...

249 epoch begins...

250 epoch begins...
2019-05-02 18:52:35.358967 Train Epoch250: Classification Loss: 17.2313; Producing Loss: 39.5692
250 epoch ends 


251 epoch begins...

252 epoch begins...

253 epoch begins...

254 epoch begins...

255 epoch begins...

256 epoch begins...

257 epoch begins...

258 epoch begins...

259 epoch begins...

260 epoch begins...
2019-05-02 19:21:27.004250 Train Epoch260: Classification Loss: 17.4405; Producing Loss: 38.6536
260 epoch ends 


261 epoch begins...

262 epoch begins...

263 epoch begins...

264 epoch begins...

265 epoch begins...

266 epoch begins...

267 epoch begins...

268 epoch begins...

269 epoch begins...

270 epoch begins...
2019-05-02 19:50:18.399478 Train Epoch270: Classification Loss: 16.4225; Producing Loss: 36.5010
270 epoch ends 


271 epoch begins...

272 epoch begins...

273 epoch begins...

274 epoch begins...

275 epoch begins...

276 epoch begins...

277 epoch begins...

278 epoch begins...

279 epoch begins...

280 epoch begins...
2019-05-02 20:19:09.859415 Train Epoch280: Classification Loss: 15.4993; Producing Loss: 37.4127
280 epoch ends 


281 epoch begins...

282 epoch begins...

283 epoch begins...

284 epoch begins...

285 epoch begins...

286 epoch begins...

287 epoch begins...

288 epoch begins...

289 epoch begins...

290 epoch begins...
2019-05-02 20:47:59.838155 Train Epoch290: Classification Loss: 15.8937; Producing Loss: 38.0171
290 epoch ends 


291 epoch begins...

292 epoch begins...

293 epoch begins...

294 epoch begins...

295 epoch begins...

296 epoch begins...

297 epoch begins...

298 epoch begins...

299 epoch begins...

300 epoch begins...
2019-05-02 21:16:49.158804 Train Epoch300: Classification Loss: 15.9230; Producing Loss: 37.3512
300 epoch ends 

Validation starts ...
saved to /home/leishi/vqa2019/results/predictions_300epoch.txt

confusion matrix
[[ 19   0   0   5   0   0   0   0   0   0   0   0   0   0   0   0   0   0
    0   1   0   0   0   0   0   0   0   0   0   0   0   0   0   0   0   0
    0   0   0   0   0   2   0   0   0   0   0   0   0   0   0   0   0   1
    0   0   0   0   2   0   0   0]
 [  0   5   0   0   0   0   0   0   0   0   0   0   0   0   0   0   0   0
    0   0   0   0   0   0   0   0   0   0   0   0   0   0   0   0   0   0
    0   0   0   0   0   0   0   0   0   0   0   0   0   0   0   0   0   0
    0   0   0   0   0   0   0   0]
 [  0   0   6   0   0   0   0   0   0   0   0   0   0   0   0   0   0   0
    0   0   0   2   0   0   0   0   0   0   0   0   0   0   0   0   0   0
    0   0   0   0   0   0   0   0   0   0   0   0   0   0   0   0   0   0
    0   0   0   0   0   0   0   0]
 [  4   0   0  19   0   0   0   0   0   0   0   0   0   0   2   0   0   0
    0   2   0   0   0   0   0   0   0   0   0   0   0   0   0   0   0   0
    0   0   0   0   0   6   1   0   0   0   0   0   0   0   0   0   0   0
    0   0   0   0   0   0   0   0]
 [  0   0   0   0  15   0   0   0   0   0   0   0   0   0   0   0   0   0
    0   0   0   0   0   0   0   0   0   0   0   0   0   0   0   0   0   0
    0   0   2   0   0   0   0   0   0   0   0   0   0   0   0   0   0   0
    0   0   0   0   0   0   0   0]
 [  0   0   0   0   0   0   0   0   0   0   0   0   0   0   0   0   0   0
    0   0   0   0   0   0   0   0   0   0   0   0   0   0   0   0   0   0
    0   0   0   0   0   0   0   0   0   0   0   0   0   0   0   0   0   0
    0   0   0   0   0   0   0   0]
 [  0   0   0   0   0   0  63   1   0   2   0   0   0   0   0   0   0   0
    0   0   0   0   0   0   0   0   0   0   0   2   0   3   0   0   0   0
    0   0   0   0   0   0   0   0   0   0   1   0   2   0   0   0   0   0
    0   0   2   0   0   0   0   0]
 [  0   0   0   0   0   0   3  45   0   4   0   0   0   0   0   0   0   0
    0   0   0   0   2   0   0   0   0   0   0   1   0   0   0   0   0   0
    0   0   0   0   0   0   0   0   0   0   0   0   0   0   0   0   0   0
    0   3   1   0   0   0   0   0]
 [  0   0   0   0   0   0   0   0   0   0   0   0   0   0   0   0   0   0
    0   0   0   0   0   0   0   0   0   0   0   0   0   0   0   1   0   0
    0   0   0   0   0   0   0   0   0   0   0   0   0   0   0   0   0   0
    0   0   0   0   0   0   0   0]
 [  0   0   0   0   0   0   2  12   0  11   0   0   0   0   0   0   0   0
    0   0   0   0   2   0   0   0   0   0   0   1   0   0   0   0   0   0
    0   0   0   0   0   0   0   0   0   0   0   0   1   0   0   0   0   0
    0   1   0   0   0   0   0   0]
 [  0   0   0   0   0   0   0   0   0   0   1   0   0   0   0   0   0   0
    0   0   0   0   0   1   0   0   0   0   0   0   0   0   0   0   0   0
    0   0   0   0   0   0   0   0   0   0   0   0   0   0   0   0   0   0
    0   0   0   0   1   0   0   0]
 [  0   0   0   0   0   0   0   0   0   0   2   3   0   0   0   0   0   0
    0   0   0   0   0   0   0   0   0   0   0   0   0   0   0   0   0   0
    0   0   0   0   0   0   1   0   0   0   0   0   0   0   0   0   0   1
    0   0   0   0   0   0   0   0]
 [  0   0   0   0   0   0   0   0   0   0   0   0   2   0   0   0   0   0
    0   0   0   1   0   0   0   0   0   0   0   0   0   0   0   0   0   0
    0   0   0   0   0   0   0   0   0   0   0   0   0   0   0   0   0   0
    1   0   0   0   0   0   0   0]
 [  0   0   0   0   0   0   0   0   0   0   0   0   0   0   0   0   0   0
    0   0   0   0   0   0   0   0   0   0   0   0   0   0   0   0   0   0
    0   0   0   0   0   0   0   0   0   0   0   2   0   0   0   0   0   0
    0   0   0   0   0   0   0   0]
 [  3   0   0   4   0   0   0   0   0   0   0   0   0   0   0   0   0   0
    0   2   0   0   0   0   0   0   0   0   0   0   0   0   0   0   0   0
    0   0   0   0   0   0   1   0   0   0   0   0   0   0   0   0   0   0
    0   0   0   0   1   0   0   0]
 [  0   0   0   0   0   0   0   0   0   0   0   0   0   0   0   2   0   0
    0   0   0   0   0   0   0   0   1   0   0   0   0   0   0   0   2   0
    0   0   0   0   0   0   0   0   0   0   0   0   0   0   0   0   0   0
    0   0   0   0   0   0   0   0]
 [  0   0   0   0   0   0   0   0   0   0   0   0   0   0   0   0   0   0
    0   0   0   0   0   0   0   0   0   0   0   0   0   0   0   0   0   0
    0   0   0   0   0   0   0   0   0   0   0   0   0   1   0   0   0   0
    0   0   0   0   0   0   0   0]
 [  1   0   0   0   0   0   1   1   0   0   0   0   0   0   0   0   0  55
    0   0   0   0   0   0   0   1   0   0   0   0   0   0   0   0   0   0
    0   0   0   0   0   1   0   0  20   0   0   0   0   0   0   0   0   0
    0   0   0   0   0   0   0   0]
 [  0   0   0   0   0   0   0   0   0   0   0   0   0   0   0   0   0   0
   11   0   5   0   0   0   0   0   0   0   0   0   0   0   0   0   0   0
    0   0   0   0   0   0   0   0   0   0   0   0   0   0   0   0   0   0
    0   0   0   0   0   0   0   0]
 [  1   0   0   2   0   0   0   0   0   0   0   0   0   0   1   0   0   0
    0  11   0   0   0   0   0   0   0   0   0   0   0   0   0   0   0   0
    0   0   0   0   0   5   0   0   0   0   0   0   0   0   0   0   0   0
    0   0   0   0   0   0   0   0]
 [  0   0   0   0   0   0   0   0   0   0   0   0   0   0   0   0   0   0
    8   0   8   0   0   0   0   0   0   0   0   0   0   0   0   0   0   0
    0   0   0   0   0   0   0   0   0   0   0   0   0   0   0   0   0   0
    0   0   0   0   0   0   0   0]
 [  0   0   0   0   0   0   0   0   0   0   0   0   1   0   0   0   0   0
    0   0   0  82   0   0   1   0   0   0   0   0   0   0   0   0   0   0
    0   0   0   0   0   0   0   0   0   0   0   0   0   1   0   0   0   0
    1   0   0   0   0   0   0   0]
 [  0   0   0   0   0   0   1   7   0   0   0   0   0   0   0   0   0   0
    0   0   0   0  18   0   0   0   0   0   0   1   0   5   0   0   0   0
    0   0   0   0   0   0   0   0   0   0   0   0   0   0   0   0   0   0
    0   1   0   0   0   0   0   0]
 [  1   0   0   0   0   0   0   0   0   0   0   0   0   0   0   0   0   0
    0   0   0   0   0   0   0   0   0   0   0   0   0   0   0   0   0   0
    0   0   0   0   0   0   0   0   0   0   0   0   0   0   0   0   0   0
    0   0   0   0   0   0   0   0]
 [  0   0   0   0   0   0   0   0   0   0   0   0   1   0   0   0   0   0
    0   0   0   2   0   0   1   0   0   0   0   0   1   0   0   0   0   0
    0   0   0   0   0   0   0   0   0   0   0   0   0   0   0   0   0   0
    0   0   0   0   0   0   0   0]
 [  0   0   0   0   0   0   0   0   0   0   0   0   0   0   0   0   0   0
    0   0   0   0   0   0   0   5   0   0   0   0   0   0   0   0   0   0
    0   0   1   0   0   0   0   0   0   0   0   0   0   0   0   0   0   0
    0   0   0   0   0   0   0   0]
 [  0   0   0   0   0   0   0   0   0   0   0   0   0   0   0   0   0   0
    0   0   0   0   0   0   0   0   3   0   0   0   0   0   0   0   0   0
    0   0   0   0   0   0   0   0   0   0   0   0   0   0   0   0   0   0
    0   0   0   0   0   0   0   0]
 [  0   0   0   0   0   0   0   0   0   0   0   0   0   0   0   0   0   0
    0   0   0   0   0   0   0   0   0   0   0   0   0   0   0   0   0   0
    0   0   0   0   0   0   0   0   0   0   0   0   0   0   0   0   0   0
    0   0   0   0   0   0   0   0]
 [  0   0   0   0   0   0   0   0   0   0   0   0   0   0   0   0   0   0
    0   0   0   0   0   0   0   0   0   0   1   0   0   0   0   0   0   0
    0   0   0   0   0   0   0   1   0   0   0   0   0   0   0   0   0   0
    0   0   0   0   0   0   0   0]
 [  0   0   0   0   0   0   3   0   0   1   0   0   0   0   0   0   0   0
    0   0   0   0   2   0   0   0   0   0   0 163   0   0   0   0   0   0
    0   0   0   0   0   0   0   0   0   0   0   0   5   0   0   0   0   0
    0   1   2   0   0   0   0   0]
 [  0   0   0   0   0   0   0   0   0   0   0   0   0   0   0   0   0   0
    0   0   0   1   0   0   0   0   0   0   0   0   3   0   0   0   0   0
    0   0   0   0   0   0   0   0   0   0   0   0   0   0   0   0   0   0
    0   0   0   0   0   0   0   0]
 [  0   0   0   0   0   0   0   4   0   0   0   0   0   0   0   0   0   0
    0   0   0   0   5   0   0   0   0   0   0   0   0   6   0   0   0   0
    0   0   0   0   0   0   0   0   0   0   0   0   1   0   0   0   0   0
    0   0   1   0   0   0   0   0]
 [  0   0   0   0   0   0   0   0   0   0   0   0   0   0   0   0   0   0
    0   0   0   0   0   0   0   0   0   0   0   0   0   0   4   0   0   0
    0   0   0   0   0   0   0   0   0   0   0   1   0   3   0   0   0   0
    0   0   0   0   0   1   0   0]
 [  0   0   0   0   0   0   0   0   0   0   0   0   0   0   0   0   0   0
    0   0   0   0   0   0   0   0   0   0   0   0   0   0   0   1   0   0
    2   0   0   0   0   0   0   0   0   0   0   0   0   0   0   0   0   0
    0   0   0   0   0   0   0   0]
 [  0   0   0   0   0   0   0   0   0   0   0   0   0   0   0   0   0   0
    0   0   0   0   0   0   0   0   0   0   0   0   0   0   0   0   3   0
    0   0   0   0   0   0   0   0   0   0   0   0   0   1   0   0   0   0
    1   0   0   0   0   0   0   0]
 [  0   0   0   0   0   0   0   0   0   0   0   0   0   0   0   1   0   0
    0   0   0   0   0   0   0   0   0   0   0   0   0   0   0   0   1   1
    1   0   0   0   0   0   0   0   0   0   0   0   0   0   1   0   0   0
    0   0   0   0   0   1   0   0]
 [  0   0   0   0   0   0   0   0   0   0   0   0   0   0   0   0   0   0
    0   0   0   0   0   0   0   0   0   0   0   0   0   0   0   2   0   0
    3   0   0   0   0   0   0   0   0   0   0   0   0   0   0   0   1   0
    0   0   0   0   0   0   0   0]
 [  0   0   0   0   0   0   0   0   0   0   0   0   0   0   0   0   0   0
    0   0   0   0   0   0   0   0   0   0   0   0   0   0   0   0   0   0
    0   0   0   0   0   0   0   0   0   0   0   0   0   0   0   0   0   0
    0   0   0   0   0   0   0   0]
 [  0   0   0   0   3   0   0   0   0   0   0   0   0   0   0   0   0   0
    0   0   0   0   0   0   0   1   0   0   0   0   0   0   0   0   0   0
    0   0  27   0   0   0   0   0   0   0   0   0   0   0   0   0   0   0
    0   0   0   0   0   0   0   0]
 [  0   0   0   0   0   0   0   0   0   0   0   0   0   0   0   0   0   0
    0   0   0   0   0   0   0   0   0   0   0   0   0   0   0   0   0   0
    0   0   0   0   0   0   0   0   0   0   0   0   0   0   0   0   0   0
    0   0   0   0   1   0   0   0]
 [  0   0   0   0   0   0   0   0   0   0   0   0   0   0   0   0   0   0
    0   0   0   0   0   0   0   0   0   0   0   0   0   0   0   0   0   0
    0   0   0   2   4   0   0   0   0   0   0   0   0   0   0   0   0   0
    0   0   0   0   0   0   0   0]
 [  3   0   0   9   0   0   0   0   0   0   0   0   0   0   0   0   0   0
    0   5   0   0   0   0   0   0   0   0   0   0   0   0   0   0   0   0
    0   0   0   0   0   3   0   0   0   0   0   0   0   0   0   0   0   2
    0   0   0   0   1   0   0   0]
 [  1   0   0   1   0   0   0   0   0   0   0   0   0   0   0   0   0   0
    0   0   0   0   0   0   0   0   0   0   0   0   0   0   0   0   0   0
    0   0   0   0   0   1  43   0   0   0   0   0   0   0   0   0   0   8
    0   0   0   0  11   0   0   0]
 [  0   0   0   0   0   0   0   0   0   0   0   0   0   0   0   0   0   0
    0   0   0   0   0   0   0   0   0   0   0   0   0   0   0   0   0   0
    0   0   0   0   0   0   0   4   0   0   0   0   0   0   0   0   0   0
    0   0   0   0   0   0   0   0]
 [  0   0   0   0   0   0   2   0   0   0   0   0   0   0   0   0   0  14
    0   0   0   2   1   0   0   0   0   0   0   1   0   0   0   0   0   0
    0   0   0   0   0   0   0   0 102   0   0   0   0   0   0   0   0   0
    0   0   0   0   0   0   0   0]
 [  0   0   0   0   0   0   0   0   0   0   0   0   0   0   0   0   0   0
    0   0   0   0   0   0   0   0   0   0   0   0   0   0   0   0   0   0
    0   0   0   0   0   0   0   0   0   0   0   0   0   0   0   0   0   0
    0   0   0   0   0   0   0   0]
 [  0   0   0   0   0   0   1   0   0   0   0   0   0   0   0   0   0   0
    0   0   0   0   0   0   0   0   0   0   0   0   0   0   0   0   0   0
    0   0   0   0   0   0   0   0   0   0   9   0   0   0   0   0   0   0
    0   0   1   0   0   0   0   0]
 [  0   0   0   0   0   0   0   0   0   0   0   0   0   0   0   0   0   0
    0   0   0   0   0   0   0   0   0   0   0   0   0   0   0   0   0   0
    0   0   0   0   0   0   0   0   0   0   0   4   0   2   0   0   0   0
    0   0   0   0   0   1   0   0]
 [  0   0   0   0   0   0   1   4   0   2   0   0   0   0   0   0   0   0
    0   0   0   0   0   0   0   0   0   0   0  11   0   0   0   0   0   0
    0   0   0   0   0   0   0   0   0   0   0   0   6   0   0   0   0   0
    0   0   5   0   0   0   0   0]
 [  0   0   0   0   0   0   0   0   0   0   0   0   0   0   0   0   0   0
    0   0   0   0   0   0   0   0   0   0   0   0   0   0   3   0   0   0
    0   0   0   0   0   0   0   0   0   0   0   0   0   4   0   0   0   0
    0   0   0   0   0   0   0   0]
 [  0   0   0   0   0   0   0   0   0   0   0   0   0   0   0   0   0   0
    0   0   0   0   0   0   0   0   0   0   0   0   0   0   0   0   0   1
    0   0   0   0   0   0   0   0   0   0   0   0   0   0   0   0   0   0
    0   0   0   0   0   0   0   0]
 [  0   0   0   1   0   0   0   0   0   0   0   0   0   0   0   0   0   0
    0   0   0   0   0   0   0   0   0   0   0   0   0   0   0   0   0   0
    0   0   0   0   0   0   2   0   0   0   0   0   0   0   0   0   0   0
    0   0   0   0   1   0   0   0]
 [  0   0   0   0   0   0   0   0   0   0   0   0   0   0   0   0   0   0
    0   0   0   1   0   0   0   0   0   0   0   0   0   0   1   0   0   0
    0   0   0   0   0   0   0   0   0   0   0   0   0   0   0   0  18   0
    0   0   0   0   0   0   0   0]
 [  0   0   0   0   0   0   0   0   0   0   3   1   0   0   0   0   0   0
    0   0   0   0   0   0   0   0   0   0   0   0   0   0   0   0   0   0
    0   0   0   0   0   2   9   0   0   0   0   0   0   0   0   0   0  59
    0   0   0   0   7   0   0   0]
 [  0   0   0   0   0   0   0   0   0   0   0   0   0   0   0   1   0   0
    0   0   0   3   0   0   0   0   0   0   0   0   0   0   0   0   0   0
    0   0   0   0   0   0   0   0   0   0   0   0   0   0   0   0   0   0
   14   0   0   0   0   0   0   0]
 [  0   0   0   0   0   0   1   7   0   2   0   0   0   0   0   0   0   0
    0   0   0   0   3   0   0   0   0   0   0   3   0   2   0   0   0   0
    0   0   0   0   0   0   0   0   0   0   0   0   2   0   0   0   0   0
    0   1   0   0   0   0   0   0]
 [  0   0   0   0   0   0   4   0   0   0   0   0   0   0   0   0   0   0
    0   0   0   0   0   0   0   0   0   0   0   4   0   0   0   0   0   0
    0   0   0   0   0   0   0   0   0   0   0   0   3   0   0   0   0   0
    0   1  35   0   0   0   0   0]
 [  0   2   0   0   0   0   0   0   0   0   0   0   0   0   0   0   0   0
    0   0   0   0   0   0   0   0   0   0   0   0   0   0   0   0   0   0
    0   0   0   0   0   0   0   0   0   0   0   0   0   0   0   0   0   0
    0   0   0   9   0   0   0   0]
 [  0   0   0   0   0   0   0   0   0   0   3   0   0   0   0   0   0   0
    0   0   0   0   0   0   0   0   0   0   0   0   0   0   0   0   0   0
    0   0   0   0   0   0   5   0   0   0   0   0   0   0   0   0   0   6
    0   0   0   0 199   0   0   0]
 [  0   1   0   0   0   0   0   0   0   0   0   0   0   0   0   0   0   0
    0   0   0   0   0   0   0   0   0   0   0   0   0   0   0   0   0   0
    0   0   0   0   0   0   0   0   0   0   0   1   0   1   0   0   0   0
    0   0   0   1   0   6   0   0]
 [  0   0   0   0   0   0   0   0   0   0   0   0   0   0   0   0   0   0
    0   0   0   0   0   0   0   0   0   0   0   0   0   0   0   0   0   0
    0   0   0   0   0   0   0   0   0   0   0   0   0   0   0   0   0   0
    0   0   0   1   0   0   0   0]
 [  5   1   1   6  22   4  27  19   2  12   3   1   6   1   1   4   1  16
    1   3   1  68   2   0   4   1   4   2   0  51   1   2   7   1   9   8
    8   1  14   1   0   4  12   1   3   2   1   1  12   8   4   1  15  10
   18   8   3  15  37   3   0   0]]

accuracy:  0.5585

bleu for abnormality:  0.02385849589253745

bleu for all answers:  0.1326297246472979

Saving checkpoints

Training Finished

Classification Loss and answer loss for each epoch
[(148.47805253267288, 607.0885176499685), (110.77309848864873, 503.9765677769979), (98.00212227900823, 478.66408406893413), (89.5630287528038, 458.55102993647256), (83.70550261735916, 440.0784339904785), (80.48859068155289, 419.6975349267324), (78.57796486616135, 400.1265196800232), (76.75954746405283, 383.4523690700531), (73.99958852529525, 366.89484119415283), (73.38486938079198, 355.47333289782205), (72.2341135263443, 338.5943391005198), (71.08057891527811, 329.93659450213113), (69.02479883432389, 318.14159207344056), (67.78695082863172, 306.76217887401583), (66.98111894726753, 296.759076388677), (66.48713516791662, 285.4345307032267), (65.78379445870718, 276.4881735165914), (64.72146487037341, 268.7115265607834), (63.72445005774498, 263.19657278060913), (64.10885531703632, 254.28177807331085), (62.61027289628983, 244.2770390510559), (61.84193663398425, 240.33758405049642), (60.64975479245186, 233.3924114783605), (60.110444128513336, 228.9936072587967), (59.28593733509381, 218.9005628824234), (58.25912175575892, 214.9045561313629), (57.24575317899386, 209.81702454884848), (57.04164673487345, 203.33527506987255), (56.442734734217325, 203.83536398410797), (56.26628944476445, 196.47251018683116), (54.131378295024234, 194.9865551551183), (54.80915204882622, 185.80125970840453), (53.97702397108078, 183.3918739636739), (54.426306124528246, 178.79585413535435), (53.46487097342809, 175.79247243404387), (53.12315886418025, 170.512548828125), (52.26447419722875, 166.27197064558666), (51.96557600895564, 163.39770234823226), (52.48032281001409, 165.56912552118303), (51.0108566224575, 159.28345973094304), (52.75157478451729, 153.00780971844992), (51.54007142782211, 151.70596780379614), (50.64775645534198, 149.69085722764333), (48.95120067795118, 142.31276717980703), (50.39578202168147, 143.45702931086223), (49.11294869383176, 142.32762395540874), (50.1456429084142, 140.3257716735204), (49.29238226215045, 139.7324530005455), (49.197848763068514, 137.932076104482), (47.878378264109294, 131.84046269655227), (44.34117334683736, 120.04101873238882), (43.50068991581599, 111.97377813657126), (43.51243974765142, 111.20124831994374), (42.65976964433988, 111.23657943407694), (43.215606637795766, 111.02228479385376), (42.957232456405954, 114.60488088528315), (43.239581390221915, 106.19922963380813), (42.689411912361784, 107.40511480172475), (41.76711128751437, 102.80336956977844), (40.747642328341804, 109.08016437689463), (41.574245576063795, 102.74074661334356), (40.2634474436442, 101.04329478740692), (40.52606861193975, 98.08174689213435), (40.51167514721553, 99.1853678226471), (40.37206767102082, 97.61165385246277), (39.95906941095988, 99.42062274217605), (38.69821315010389, 94.04614540735881), (39.50775464276473, 94.79153793255487), (39.132277103265125, 94.8114320576191), (38.75226952036222, 92.04159612258276), (38.345843377709386, 93.02173149585724), (39.82463998794556, 92.58704569339753), (38.42540545960267, 90.06055334806442), (37.47512488663197, 88.34357856114705), (37.756194458405176, 88.86385048031806), (38.17540261944135, 89.60359699328741), (36.928408096234, 89.94157077868779), (37.202999573946, 84.94554665486018), (36.028503867983815, 87.29070792595546), (36.60596367120743, 86.00090381900469), (35.97328567504883, 86.02536848386129), (35.714172001679735, 81.21659687956175), (36.04263687133789, 82.43565135598183), (35.47935168842475, 82.06592132846514), (36.18946149746577, 82.40697844425837), (34.86124451458454, 80.44082645376524), (34.66660601198673, 82.45641553600629), (34.7045358300209, 83.10395279725392), (34.848663328091305, 80.58689272999763), (33.911574399471284, 79.60691821575165), (33.66746446092923, 78.42011976242065), (34.37239078581333, 78.20168535908063), (33.54645107090473, 74.22076427340508), (33.55573346018791, 76.09094416896502), (33.07335852384567, 74.87042581637701), (32.72812684575717, 73.03193705280621), (33.006778445839885, 75.19576100905736), (33.24674244821072, 74.1133274892966), (33.02306622962157, 71.29828167557716), (32.56372256676356, 73.15252484679222), (30.704732622702917, 67.2950592358907), (30.835552444060642, 64.56014853318533), (29.677716199556986, 64.16552582184474), (29.399791461229324, 65.3926290969054), (29.970526803533236, 63.29502826531728), (29.704366316397984, 62.87812289198239), (29.115577590465545, 61.207236528396606), (28.582056229313213, 62.034223065773645), (29.07871047159036, 62.353729938467346), (28.06167725523313, 61.44255938331286), (29.368780173858006, 59.90984584788482), (27.851708865165712, 60.014645044008894), (27.516633504629134, 65.16109301149845), (28.51987164715926, 59.486728644371034), (28.104907311995824, 63.24892676870028), (28.107970600326855, 57.572124660015106), (27.44782444834709, 62.90828907191754), (27.379711321989696, 59.65988331238429), (27.68704284330209, 57.378637903928755), (27.526962142189344, 61.781813609600064), (27.52256398499012, 57.95646124879519), (26.242546878258388, 59.043875043590866), (27.606488570570946, 58.87083896597226), (25.74429374585549, 55.32415592173735), (26.784992369016013, 56.6373508810997), (26.409801913797857, 60.17682856321335), (26.57709572215875, 59.001630024115244), (26.41165037403504, 58.80292151470979), (26.641014092167218, 55.7545979599158), (25.653633893529573, 53.7231089413166), (25.612338614463805, 55.97456304927667), (25.86560508608818, 57.13494178950786), (26.030532903472583, 54.95451010664304), (25.868335572878518, 57.740540250142416), (25.149219051996866, 56.38141280412674), (25.11259407599767, 53.29575923482577), (25.803316895167033, 56.22293313642343), (24.897056488196053, 53.82567232847214), (24.300616898139317, 54.009044802188875), (24.57649534145991, 55.524469298124316), (25.333283424874146, 57.00772684911887), (25.38868042230606, 57.56958654125531), (25.334378559390704, 51.75671401818593), (24.12107516427835, 54.66307011047999), (23.895102373758952, 52.36703606843948), (24.66398739665747, 50.70845780173938), (24.705177131295205, 55.79597423175971), (24.858402196566264, 51.6016858458519), (23.645643676817418, 50.8308873573939), (23.663318076729773, 53.04409335255623), (23.265369860827924, 51.988682103157046), (23.982439889510474, 46.79722725550334), (22.490611466765404, 50.89039873878161), (23.64753191570441, 52.03694122731686), (22.784546469648678, 47.6289863606294), (22.431152469913165, 47.60446962118149), (21.866770562529563, 46.27044482032458), (21.22502094358206, 48.679359032710394), (22.125134618083635, 47.792380367716156), (22.503995728492736, 48.33918107151985), (21.783751502633095, 47.332063952088355), (22.13035623480876, 47.943426257371904), (21.738271981477737, 48.068095818161964), (21.007723387082418, 49.251237717270854), (21.563085885842643, 45.52842354675134), (21.360198953747748, 47.27361545066039), (21.684316835800807, 44.79282165666421), (21.296452427903812, 46.43211578031381), (20.962734218438467, 45.968223583698276), (20.549933241804442, 45.22497760454814), (21.55541004637877, 44.366164864103), (20.36760902504126, 45.26983719964822), (20.935301107168197, 46.310593974590304), (21.430029431482158, 45.124996559818584), (21.467034997045992, 46.09537974496683), (20.414230883618195, 45.943532707293826), (21.074184484779835, 44.636016352971396), (19.56135222862164, 46.015688210725784), (20.922731017072994, 46.45313182870547), (20.386428183317186, 46.005239031712215), (20.784178279836972, 45.87084043820699), (20.27340667694807, 44.16525438626607), (20.261592829227446, 43.60988862713178), (20.743719215194385, 46.17048212389151), (20.751126477122305, 45.77747127215068), (20.58786121358474, 42.09753554860751), (20.49809157649676, 43.383747819066045), (20.25368814567725, 45.519038971265154), (20.503805121779443, 45.716483893990514), (19.932390362521012, 45.82310659984748), (19.99919180224339, 45.59143861830235), (20.30672367463509, 40.716238020857176), (19.455053061743577, 43.05572599967321), (20.200000006953875, 43.10737564663092), (19.080626116196314, 41.592115206519765), (19.422388835251333, 44.65114600757758), (19.46620652526617, 40.992033337553345), (20.1521427800258, 43.221292823553085), (19.849888738493124, 43.313818482557934), (19.686217428247133, 40.62236054340998), (19.015743343532087, 43.7352661639452), (19.202435264984768, 40.99602966407935), (18.730825214087965, 41.45703653395176), (18.370869299272695, 40.82876946379741), (18.72701953500509, 40.28092115124067), (18.88610576490561, 41.065361469984055), (18.855699103573958, 42.734837889671326), (18.31215583831072, 39.78615618447463), (17.572690188884735, 42.075088092684744), (18.367596442997456, 41.14845228890578), (18.59421179095904, 41.52271722207467), (17.97863574375709, 42.981142116089664), (17.898745139936604, 39.81564670801163), (18.723596369226772, 41.93658479452133), (17.58915398667256, 43.59007757504781), (18.64023904254039, 40.471695745488006), (18.347833963731926, 38.859234968821205), (19.268890541791915, 42.27721051375071), (19.02703670511643, 41.90064465055863), (18.502610579133034, 42.1005202660958), (18.451056298613548, 42.284101064006485), (17.672207907338937, 40.76596821248531), (18.840805543959142, 39.843792071938516), (17.961569095154605, 41.54084119349718), (17.59020644923051, 39.79965233405431), (17.811506996055446, 41.41544125278791), (17.633399174610773, 40.23635012805462), (17.210200631121793, 40.48219881852468), (17.407070171833038, 40.324459058046344), (18.428967246909938, 42.99862291018168), (18.014659620821476, 42.003996685147285), (18.210671121875446, 41.30480378170808), (17.661159991224608, 40.40469476779302), (17.103988685210545, 38.51432097256183), (17.751630315184592, 38.820200419425966), (17.456159872810044, 40.784019870559376), (17.39058345630765, 38.8629084661603), (17.74178252220154, 39.94615587592125), (17.444589307407536, 38.09501302440961), (17.679903001586595, 40.659059736629324), (17.651518345375855, 37.8819917122523), (17.383887405196827, 36.81913985510667), (17.32939198166132, 39.91580052773158), (17.452333961923916, 38.927129287024336), (17.860282410184542, 39.6482660194238), (16.87227961719036, 42.33982283572356), (17.678491101662317, 39.8026735107104), (17.43589532027642, 39.8959465165933), (17.391720326741538, 37.56328237056732), (17.231349805990856, 39.56920844813188), (16.90929810255766, 37.39093171656132), (16.96431965827942, 40.30536859283845), (16.783003711203733, 38.22628144621849), (15.54784987370173, 39.21982259353002), (16.337506066262723, 37.350049339731534), (16.506948860983055, 35.461074157059194), (16.544999335706233, 38.338750779628754), (16.92175887276729, 37.73585791140795), (16.405827724933623, 37.334024635950726), (17.44054363022248, 38.65364048480988), (16.435730960965156, 36.886692352592945), (16.357458562155564, 39.02826477885246), (16.182930172483125, 39.483838400244714), (16.22304119815429, 35.453007143239184), (16.776967430611453, 38.708722747365634), (17.147158964971702, 38.25976045976083), (16.739317636191846, 38.8150844981273), (17.128694039583205, 36.513912945985794), (16.49909552137057, 40.53246588210265), (16.422483070691428, 36.501039042075476), (16.857316798965137, 34.306253133217496), (16.895669523378213, 38.80180566509565), (16.82442480971416, 35.51464411020279), (16.28842969213923, 38.97687442700068), (16.898157515128453, 39.27524067262809), (16.372377422948677, 39.90187220871449), (16.52780926426252, 36.898580916722615), (16.24067463055253, 35.395669066905974), (16.093540147443612, 36.402680440743765), (15.49928811689218, 37.412740270793435), (17.57328729480505, 36.98221940547228), (17.132478539148966, 36.58983857582013), (16.54702495733897, 35.090552513301375), (16.364908696711062, 35.43594033370415), (15.909820618232091, 35.62676282624404), (16.798263601462047, 36.91108937462171), (16.021356885135173, 36.85686362187068), (15.739839205145836, 35.47891160696745), (16.77654101898273, 36.63549347917239), (15.893668720126152, 38.01705623666445), (16.338770060241224, 38.91303259531657), (16.53103417356809, 35.56871679077546), (15.662561837335428, 35.82775244514148), (16.548921398321788, 38.372480707863964), (16.6120290423433, 38.097603401045006), (16.037411002318063, 37.425834595163664), (16.073659901320934, 35.58991941561302), (16.399137800435224, 37.72707291344802), (16.46978908032179, 37.73566971421242), (15.922991627951463, 37.35119384179513)]

Final Result
saved to /home/leishi/vqa2019/results/predictions_final.txt

 confusion matrix
[[ 19   0   0   5   0   0   0   0   0   0   0   0   0   0   0   0   0   0
    0   1   0   0   0   0   0   0   0   0   0   0   0   0   0   0   0   0
    0   0   0   0   0   2   0   0   0   0   0   0   0   0   0   0   0   1
    0   0   0   0   2   0   0   0]
 [  0   5   0   0   0   0   0   0   0   0   0   0   0   0   0   0   0   0
    0   0   0   0   0   0   0   0   0   0   0   0   0   0   0   0   0   0
    0   0   0   0   0   0   0   0   0   0   0   0   0   0   0   0   0   0
    0   0   0   0   0   0   0   0]
 [  0   0   6   0   0   0   0   0   0   0   0   0   0   0   0   0   0   0
    0   0   0   2   0   0   0   0   0   0   0   0   0   0   0   0   0   0
    0   0   0   0   0   0   0   0   0   0   0   0   0   0   0   0   0   0
    0   0   0   0   0   0   0   0]
 [  4   0   0  19   0   0   0   0   0   0   0   0   0   0   2   0   0   0
    0   2   0   0   0   0   0   0   0   0   0   0   0   0   0   0   0   0
    0   0   0   0   0   6   1   0   0   0   0   0   0   0   0   0   0   0
    0   0   0   0   0   0   0   0]
 [  0   0   0   0  15   0   0   0   0   0   0   0   0   0   0   0   0   0
    0   0   0   0   0   0   0   0   0   0   0   0   0   0   0   0   0   0
    0   0   2   0   0   0   0   0   0   0   0   0   0   0   0   0   0   0
    0   0   0   0   0   0   0   0]
 [  0   0   0   0   0   0   0   0   0   0   0   0   0   0   0   0   0   0
    0   0   0   0   0   0   0   0   0   0   0   0   0   0   0   0   0   0
    0   0   0   0   0   0   0   0   0   0   0   0   0   0   0   0   0   0
    0   0   0   0   0   0   0   0]
 [  0   0   0   0   0   0  63   1   0   2   0   0   0   0   0   0   0   0
    0   0   0   0   0   0   0   0   0   0   0   2   0   3   0   0   0   0
    0   0   0   0   0   0   0   0   0   0   1   0   2   0   0   0   0   0
    0   0   2   0   0   0   0   0]
 [  0   0   0   0   0   0   3  45   0   4   0   0   0   0   0   0   0   0
    0   0   0   0   2   0   0   0   0   0   0   1   0   0   0   0   0   0
    0   0   0   0   0   0   0   0   0   0   0   0   0   0   0   0   0   0
    0   3   1   0   0   0   0   0]
 [  0   0   0   0   0   0   0   0   0   0   0   0   0   0   0   0   0   0
    0   0   0   0   0   0   0   0   0   0   0   0   0   0   0   1   0   0
    0   0   0   0   0   0   0   0   0   0   0   0   0   0   0   0   0   0
    0   0   0   0   0   0   0   0]
 [  0   0   0   0   0   0   2  12   0  11   0   0   0   0   0   0   0   0
    0   0   0   0   2   0   0   0   0   0   0   1   0   0   0   0   0   0
    0   0   0   0   0   0   0   0   0   0   0   0   1   0   0   0   0   0
    0   1   0   0   0   0   0   0]
 [  0   0   0   0   0   0   0   0   0   0   1   0   0   0   0   0   0   0
    0   0   0   0   0   1   0   0   0   0   0   0   0   0   0   0   0   0
    0   0   0   0   0   0   0   0   0   0   0   0   0   0   0   0   0   0
    0   0   0   0   1   0   0   0]
 [  0   0   0   0   0   0   0   0   0   0   2   3   0   0   0   0   0   0
    0   0   0   0   0   0   0   0   0   0   0   0   0   0   0   0   0   0
    0   0   0   0   0   0   1   0   0   0   0   0   0   0   0   0   0   1
    0   0   0   0   0   0   0   0]
 [  0   0   0   0   0   0   0   0   0   0   0   0   2   0   0   0   0   0
    0   0   0   1   0   0   0   0   0   0   0   0   0   0   0   0   0   0
    0   0   0   0   0   0   0   0   0   0   0   0   0   0   0   0   0   0
    1   0   0   0   0   0   0   0]
 [  0   0   0   0   0   0   0   0   0   0   0   0   0   0   0   0   0   0
    0   0   0   0   0   0   0   0   0   0   0   0   0   0   0   0   0   0
    0   0   0   0   0   0   0   0   0   0   0   2   0   0   0   0   0   0
    0   0   0   0   0   0   0   0]
 [  3   0   0   4   0   0   0   0   0   0   0   0   0   0   0   0   0   0
    0   2   0   0   0   0   0   0   0   0   0   0   0   0   0   0   0   0
    0   0   0   0   0   0   1   0   0   0   0   0   0   0   0   0   0   0
    0   0   0   0   1   0   0   0]
 [  0   0   0   0   0   0   0   0   0   0   0   0   0   0   0   2   0   0
    0   0   0   0   0   0   0   0   1   0   0   0   0   0   0   0   2   0
    0   0   0   0   0   0   0   0   0   0   0   0   0   0   0   0   0   0
    0   0   0   0   0   0   0   0]
 [  0   0   0   0   0   0   0   0   0   0   0   0   0   0   0   0   0   0
    0   0   0   0   0   0   0   0   0   0   0   0   0   0   0   0   0   0
    0   0   0   0   0   0   0   0   0   0   0   0   0   1   0   0   0   0
    0   0   0   0   0   0   0   0]
 [  1   0   0   0   0   0   1   1   0   0   0   0   0   0   0   0   0  55
    0   0   0   0   0   0   0   1   0   0   0   0   0   0   0   0   0   0
    0   0   0   0   0   1   0   0  20   0   0   0   0   0   0   0   0   0
    0   0   0   0   0   0   0   0]
 [  0   0   0   0   0   0   0   0   0   0   0   0   0   0   0   0   0   0
   11   0   5   0   0   0   0   0   0   0   0   0   0   0   0   0   0   0
    0   0   0   0   0   0   0   0   0   0   0   0   0   0   0   0   0   0
    0   0   0   0   0   0   0   0]
 [  1   0   0   2   0   0   0   0   0   0   0   0   0   0   1   0   0   0
    0  11   0   0   0   0   0   0   0   0   0   0   0   0   0   0   0   0
    0   0   0   0   0   5   0   0   0   0   0   0   0   0   0   0   0   0
    0   0   0   0   0   0   0   0]
 [  0   0   0   0   0   0   0   0   0   0   0   0   0   0   0   0   0   0
    8   0   8   0   0   0   0   0   0   0   0   0   0   0   0   0   0   0
    0   0   0   0   0   0   0   0   0   0   0   0   0   0   0   0   0   0
    0   0   0   0   0   0   0   0]
 [  0   0   0   0   0   0   0   0   0   0   0   0   1   0   0   0   0   0
    0   0   0  82   0   0   1   0   0   0   0   0   0   0   0   0   0   0
    0   0   0   0   0   0   0   0   0   0   0   0   0   1   0   0   0   0
    1   0   0   0   0   0   0   0]
 [  0   0   0   0   0   0   1   7   0   0   0   0   0   0   0   0   0   0
    0   0   0   0  18   0   0   0   0   0   0   1   0   5   0   0   0   0
    0   0   0   0   0   0   0   0   0   0   0   0   0   0   0   0   0   0
    0   1   0   0   0   0   0   0]
 [  1   0   0   0   0   0   0   0   0   0   0   0   0   0   0   0   0   0
    0   0   0   0   0   0   0   0   0   0   0   0   0   0   0   0   0   0
    0   0   0   0   0   0   0   0   0   0   0   0   0   0   0   0   0   0
    0   0   0   0   0   0   0   0]
 [  0   0   0   0   0   0   0   0   0   0   0   0   1   0   0   0   0   0
    0   0   0   2   0   0   1   0   0   0   0   0   1   0   0   0   0   0
    0   0   0   0   0   0   0   0   0   0   0   0   0   0   0   0   0   0
    0   0   0   0   0   0   0   0]
 [  0   0   0   0   0   0   0   0   0   0   0   0   0   0   0   0   0   0
    0   0   0   0   0   0   0   5   0   0   0   0   0   0   0   0   0   0
    0   0   1   0   0   0   0   0   0   0   0   0   0   0   0   0   0   0
    0   0   0   0   0   0   0   0]
 [  0   0   0   0   0   0   0   0   0   0   0   0   0   0   0   0   0   0
    0   0   0   0   0   0   0   0   3   0   0   0   0   0   0   0   0   0
    0   0   0   0   0   0   0   0   0   0   0   0   0   0   0   0   0   0
    0   0   0   0   0   0   0   0]
 [  0   0   0   0   0   0   0   0   0   0   0   0   0   0   0   0   0   0
    0   0   0   0   0   0   0   0   0   0   0   0   0   0   0   0   0   0
    0   0   0   0   0   0   0   0   0   0   0   0   0   0   0   0   0   0
    0   0   0   0   0   0   0   0]
 [  0   0   0   0   0   0   0   0   0   0   0   0   0   0   0   0   0   0
    0   0   0   0   0   0   0   0   0   0   1   0   0   0   0   0   0   0
    0   0   0   0   0   0   0   1   0   0   0   0   0   0   0   0   0   0
    0   0   0   0   0   0   0   0]
 [  0   0   0   0   0   0   3   0   0   1   0   0   0   0   0   0   0   0
    0   0   0   0   2   0   0   0   0   0   0 163   0   0   0   0   0   0
    0   0   0   0   0   0   0   0   0   0   0   0   5   0   0   0   0   0
    0   1   2   0   0   0   0   0]
 [  0   0   0   0   0   0   0   0   0   0   0   0   0   0   0   0   0   0
    0   0   0   1   0   0   0   0   0   0   0   0   3   0   0   0   0   0
    0   0   0   0   0   0   0   0   0   0   0   0   0   0   0   0   0   0
    0   0   0   0   0   0   0   0]
 [  0   0   0   0   0   0   0   4   0   0   0   0   0   0   0   0   0   0
    0   0   0   0   5   0   0   0   0   0   0   0   0   6   0   0   0   0
    0   0   0   0   0   0   0   0   0   0   0   0   1   0   0   0   0   0
    0   0   1   0   0   0   0   0]
 [  0   0   0   0   0   0   0   0   0   0   0   0   0   0   0   0   0   0
    0   0   0   0   0   0   0   0   0   0   0   0   0   0   4   0   0   0
    0   0   0   0   0   0   0   0   0   0   0   1   0   3   0   0   0   0
    0   0   0   0   0   1   0   0]
 [  0   0   0   0   0   0   0   0   0   0   0   0   0   0   0   0   0   0
    0   0   0   0   0   0   0   0   0   0   0   0   0   0   0   1   0   0
    2   0   0   0   0   0   0   0   0   0   0   0   0   0   0   0   0   0
    0   0   0   0   0   0   0   0]
 [  0   0   0   0   0   0   0   0   0   0   0   0   0   0   0   0   0   0
    0   0   0   0   0   0   0   0   0   0   0   0   0   0   0   0   3   0
    0   0   0   0   0   0   0   0   0   0   0   0   0   1   0   0   0   0
    1   0   0   0   0   0   0   0]
 [  0   0   0   0   0   0   0   0   0   0   0   0   0   0   0   1   0   0
    0   0   0   0   0   0   0   0   0   0   0   0   0   0   0   0   1   1
    1   0   0   0   0   0   0   0   0   0   0   0   0   0   1   0   0   0
    0   0   0   0   0   1   0   0]
 [  0   0   0   0   0   0   0   0   0   0   0   0   0   0   0   0   0   0
    0   0   0   0   0   0   0   0   0   0   0   0   0   0   0   2   0   0
    3   0   0   0   0   0   0   0   0   0   0   0   0   0   0   0   1   0
    0   0   0   0   0   0   0   0]
 [  0   0   0   0   0   0   0   0   0   0   0   0   0   0   0   0   0   0
    0   0   0   0   0   0   0   0   0   0   0   0   0   0   0   0   0   0
    0   0   0   0   0   0   0   0   0   0   0   0   0   0   0   0   0   0
    0   0   0   0   0   0   0   0]
 [  0   0   0   0   3   0   0   0   0   0   0   0   0   0   0   0   0   0
    0   0   0   0   0   0   0   1   0   0   0   0   0   0   0   0   0   0
    0   0  27   0   0   0   0   0   0   0   0   0   0   0   0   0   0   0
    0   0   0   0   0   0   0   0]
 [  0   0   0   0   0   0   0   0   0   0   0   0   0   0   0   0   0   0
    0   0   0   0   0   0   0   0   0   0   0   0   0   0   0   0   0   0
    0   0   0   0   0   0   0   0   0   0   0   0   0   0   0   0   0   0
    0   0   0   0   1   0   0   0]
 [  0   0   0   0   0   0   0   0   0   0   0   0   0   0   0   0   0   0
    0   0   0   0   0   0   0   0   0   0   0   0   0   0   0   0   0   0
    0   0   0   2   4   0   0   0   0   0   0   0   0   0   0   0   0   0
    0   0   0   0   0   0   0   0]
 [  3   0   0   9   0   0   0   0   0   0   0   0   0   0   0   0   0   0
    0   5   0   0   0   0   0   0   0   0   0   0   0   0   0   0   0   0
    0   0   0   0   0   3   0   0   0   0   0   0   0   0   0   0   0   2
    0   0   0   0   1   0   0   0]
 [  1   0   0   1   0   0   0   0   0   0   0   0   0   0   0   0   0   0
    0   0   0   0   0   0   0   0   0   0   0   0   0   0   0   0   0   0
    0   0   0   0   0   1  43   0   0   0   0   0   0   0   0   0   0   8
    0   0   0   0  11   0   0   0]
 [  0   0   0   0   0   0   0   0   0   0   0   0   0   0   0   0   0   0
    0   0   0   0   0   0   0   0   0   0   0   0   0   0   0   0   0   0
    0   0   0   0   0   0   0   4   0   0   0   0   0   0   0   0   0   0
    0   0   0   0   0   0   0   0]
 [  0   0   0   0   0   0   2   0   0   0   0   0   0   0   0   0   0  14
    0   0   0   2   1   0   0   0   0   0   0   1   0   0   0   0   0   0
    0   0   0   0   0   0   0   0 102   0   0   0   0   0   0   0   0   0
    0   0   0   0   0   0   0   0]
 [  0   0   0   0   0   0   0   0   0   0   0   0   0   0   0   0   0   0
    0   0   0   0   0   0   0   0   0   0   0   0   0   0   0   0   0   0
    0   0   0   0   0   0   0   0   0   0   0   0   0   0   0   0   0   0
    0   0   0   0   0   0   0   0]
 [  0   0   0   0   0   0   1   0   0   0   0   0   0   0   0   0   0   0
    0   0   0   0   0   0   0   0   0   0   0   0   0   0   0   0   0   0
    0   0   0   0   0   0   0   0   0   0   9   0   0   0   0   0   0   0
    0   0   1   0   0   0   0   0]
 [  0   0   0   0   0   0   0   0   0   0   0   0   0   0   0   0   0   0
    0   0   0   0   0   0   0   0   0   0   0   0   0   0   0   0   0   0
    0   0   0   0   0   0   0   0   0   0   0   4   0   2   0   0   0   0
    0   0   0   0   0   1   0   0]
 [  0   0   0   0   0   0   1   4   0   2   0   0   0   0   0   0   0   0
    0   0   0   0   0   0   0   0   0   0   0  11   0   0   0   0   0   0
    0   0   0   0   0   0   0   0   0   0   0   0   6   0   0   0   0   0
    0   0   5   0   0   0   0   0]
 [  0   0   0   0   0   0   0   0   0   0   0   0   0   0   0   0   0   0
    0   0   0   0   0   0   0   0   0   0   0   0   0   0   3   0   0   0
    0   0   0   0   0   0   0   0   0   0   0   0   0   4   0   0   0   0
    0   0   0   0   0   0   0   0]
 [  0   0   0   0   0   0   0   0   0   0   0   0   0   0   0   0   0   0
    0   0   0   0   0   0   0   0   0   0   0   0   0   0   0   0   0   1
    0   0   0   0   0   0   0   0   0   0   0   0   0   0   0   0   0   0
    0   0   0   0   0   0   0   0]
 [  0   0   0   1   0   0   0   0   0   0   0   0   0   0   0   0   0   0
    0   0   0   0   0   0   0   0   0   0   0   0   0   0   0   0   0   0
    0   0   0   0   0   0   2   0   0   0   0   0   0   0   0   0   0   0
    0   0   0   0   1   0   0   0]
 [  0   0   0   0   0   0   0   0   0   0   0   0   0   0   0   0   0   0
    0   0   0   1   0   0   0   0   0   0   0   0   0   0   1   0   0   0
    0   0   0   0   0   0   0   0   0   0   0   0   0   0   0   0  18   0
    0   0   0   0   0   0   0   0]
 [  0   0   0   0   0   0   0   0   0   0   3   1   0   0   0   0   0   0
    0   0   0   0   0   0   0   0   0   0   0   0   0   0   0   0   0   0
    0   0   0   0   0   2   9   0   0   0   0   0   0   0   0   0   0  59
    0   0   0   0   7   0   0   0]
 [  0   0   0   0   0   0   0   0   0   0   0   0   0   0   0   1   0   0
    0   0   0   3   0   0   0   0   0   0   0   0   0   0   0   0   0   0
    0   0   0   0   0   0   0   0   0   0   0   0   0   0   0   0   0   0
   14   0   0   0   0   0   0   0]
 [  0   0   0   0   0   0   1   7   0   2   0   0   0   0   0   0   0   0
    0   0   0   0   3   0   0   0   0   0   0   3   0   2   0   0   0   0
    0   0   0   0   0   0   0   0   0   0   0   0   2   0   0   0   0   0
    0   1   0   0   0   0   0   0]
 [  0   0   0   0   0   0   4   0   0   0   0   0   0   0   0   0   0   0
    0   0   0   0   0   0   0   0   0   0   0   4   0   0   0   0   0   0
    0   0   0   0   0   0   0   0   0   0   0   0   3   0   0   0   0   0
    0   1  35   0   0   0   0   0]
 [  0   2   0   0   0   0   0   0   0   0   0   0   0   0   0   0   0   0
    0   0   0   0   0   0   0   0   0   0   0   0   0   0   0   0   0   0
    0   0   0   0   0   0   0   0   0   0   0   0   0   0   0   0   0   0
    0   0   0   9   0   0   0   0]
 [  0   0   0   0   0   0   0   0   0   0   3   0   0   0   0   0   0   0
    0   0   0   0   0   0   0   0   0   0   0   0   0   0   0   0   0   0
    0   0   0   0   0   0   5   0   0   0   0   0   0   0   0   0   0   6
    0   0   0   0 199   0   0   0]
 [  0   1   0   0   0   0   0   0   0   0   0   0   0   0   0   0   0   0
    0   0   0   0   0   0   0   0   0   0   0   0   0   0   0   0   0   0
    0   0   0   0   0   0   0   0   0   0   0   1   0   1   0   0   0   0
    0   0   0   1   0   6   0   0]
 [  0   0   0   0   0   0   0   0   0   0   0   0   0   0   0   0   0   0
    0   0   0   0   0   0   0   0   0   0   0   0   0   0   0   0   0   0
    0   0   0   0   0   0   0   0   0   0   0   0   0   0   0   0   0   0
    0   0   0   1   0   0   0   0]
 [  5   1   1   6  22   4  27  19   2  12   3   1   6   1   1   4   1  16
    1   3   1  68   2   0   4   1   4   2   0  51   1   2   7   1   9   8
    8   1  14   1   0   4  12   1   3   2   1   1  12   8   4   1  15  10
   18   8   3  15  37   3   0   0]]

accuracy:  0.5585

bleu for abnormality:  0.02385849589253745

bleu for all answers:  0.1326297246472979

Saving the final model...
Model saved at /home/leishi/vqa2019/models/pretrained/2019050221_model.pt
